ID,Character,Original Text,Reference,Translation
__translator__,,Translator,,nep0num
__language__,,Language,en_US,ru_RU
__episode__,,Episode ID,,act21side
__chapter__,,Chapter Name,activities/act21side/level_act21side_03_beg,万箭所指
,,,,
char-1,能天使,能天使,Exusiai,Экзусия
char-2,可颂,可颂,Croissant,Круассан
char-3,轻佻的家族成员,轻佻的家族成员,Frivolous Mafioso,Фривольный член семьи
char-4,女演员,女演员,Actress,Актриса
char-5,严肃的护卫,严肃的护卫,Stony-Faced Bodyguard,Серьёзный охранник
char-6,愤怒的家族成员,愤怒的家族成员,Angry Mafioso,Разъярённый член семьи
char-7,空,空,Sora,Сора
char-8,甘比诺,甘比诺,Gambino,Гамбино
char-9,卡彭,卡彭,Capone,Капоне
char-10,？？？,？？？,???,???
char-11,拉普兰德,拉普兰德,Lappland,Лаппланд
char-12,卢比奥,卢比奥,Rubio,Рубио
char-13,拉维妮娅,拉维妮娅,Lavinia,Лавиния
char-14,德米特里,德米特里,Demetri,Дмитрий
char-15,护卫,护卫,Bodyguard,Охранник
char-16,德克萨斯,德克萨斯,Texas,Техас
char-17,书记员,书记员,Court Clerk,Секретарь
char-18,冷静的杀手,冷静的杀手,Calm Hitman,Хладнокровный киллер
,,,,
line-12,能天使,哇哦，这套礼服看起来好漂亮啊。,"Woooah, this dress looks absolutely stunning!","Ого, это платье выглядит так красиво."
line-14,可颂,嗯，空穿上一定很好看。,You'n say that again. Sora's gonna look mighty fine in it.,"М-да, на Соре оно определённо будет смотреться отлично."
line-16,能天使,早知道我也答应当演员就好了。,"If someone told me about this earlier, I would've signed up myself!","Знала бы я, тоже согласилась бы на роль актрисы."
line-18,可颂,你不行的啦，能天使你完全不懂什么叫演技。,"No way, no how. Ya don't know the first thing about actin'.","Да брось, Экзусия, ты же совсем не понимаешь, что такое актёрская игра."
line-20,能天使,但我可以本色演出啊。,I can just act like I always do.,Зато я могу сыграть саму себя.
line-22,可颂,叙拉古根本就没有萨科塔可以让你扮演啦！,And there ain't no roles for a Sankta in Siracusa neither!,"В Сиракузах вообще нет Санкта, которых ты могла бы сыграть!"
line-24,能天使,谁说的，我就听说，那个西西里夫人身边就有一个——,Says who? I heard that there was a Sankta with Signora Sicilia—,"Кто сказал? Я вот слышала, что у самой госпожи Сицилии есть один такой..."
line-29,能天使,嗯？,Huh?,М?
line-41,轻佻的家族成员,莎莉小姐，我们老大请你现在过去用餐。,"Signorina Sally, our boss is inviting you over for dinner.","Мисс Салли, наш босс просит вас подойти к нему поужинать прямо сейчас."
line-43,女演员,这......但是......,Um... But...,Я... но...
line-45,严肃的护卫,莎莉小姐正要去剧场，滚开。,She's on her way to rehearsal right now. Vaffanculo.,"Мисс Салли должна идти в театр, проваливайте."
line-47,轻佻的家族成员,我们老大现在就想见莎莉小姐，晚点再去剧场也一样吧。,"And our boss wants to have a word with Signorina Sally here. Being a little late won't make a difference, will it?","Наш босс хочет видеть мисс Салли сейчас, в театр можно сходить и позже."
line-49,女演员,我、我要去找总监......,"I, I'll go get the director...","Я, я должна найти директора..."
line-51,轻佻的家族成员,总监？放在以前，我可能会卖他的面子，但是现在嘛......,"The director? I might've carried water for him in the past, but these days...","Директора? Раньше я, может, и проявил бы к нему уважение, но сейчас..."
line-54,女演员,那个，请不要......,"Um, please don't...","Прошу, не надо..."
line-56,愤怒的家族成员,还跟他们客气什么？,The hell are you playin' nice with them for?,Чего с ними церемониться?
line-57,愤怒的家族成员,我们老大想见你是你的荣幸，不想吃苦头的话就乖乖跟我们来。,"You should feel honored that our boss wants to see you. If you don't wanna get messed up, behave yourself and come with us.","Для тебя честь, что наш босс хочет тебя видеть. Не хочешь неприятностей — иди с нами по-хорошему."
line-59,轻佻的家族成员,等等，老大没让我们......,"Wait, the boss didn't say we could—","Погоди, босс не просил нас..."
line-61,愤怒的家族成员,大哥的意思你还不明白吗，之前我们都是忌惮贝洛内。,You still don't understand what the boss was gettin' at? We were all scared of the Bellones before.,"Ты до сих пор не понял, что задумал старший? Раньше мы все боялись Беллоне."
line-62,愤怒的家族成员,现在既然贝洛内不行了，大人物们又要洗牌了，这是我们的机会！,"But now that they are out of the picture, and the bigwigs are about to shuffle the deck again, we'll never get a better chance!","Раз уж Беллоне сейчас не у дел, а большие шишки перекраивают свои сферы влияния — это наш шанс!"
line-64,轻佻的家族成员,说的也是，弟兄们，把这些碍眼的家伙都给解决了！,"Huh, you're right. Let's go, brothers, time to clean the streets of these eyesores!","А ведь и правда. Ребята, убрать этих помех!"
line-66,严肃的护卫,啧，保护莎莉小姐！,Tch... Protect Signorina Sally!,"Тц, защитить мисс Салли!"
line-90,可颂,能天使，怎么......欸，人呢？,"The heck's happenin', Exu— Huh? Where'd she go?","Экзусия, что... Эй, а где она?"
line-92,空,她已经冲上去了，我们也去帮忙！,She already rushed out. Let's back her up!,"Она уже бросилась в бой, идём помогать!"
line-104,严肃的护卫,唔......,Urgh...,Угх...
line-111,轻佻的家族成员,哼，这点水平也来当护卫？,"Heh, and you call yourself a bodyguard?","Хм, и это всё, на что способны их охранники?"
line-113,女演员,......呜呜。,Ahh... *sobs*...,...Хнык.
line-115,轻佻的家族成员,莎莉小姐，请吧。,"Right this way, signorina.","Прошу, мисс Салли."
line-117,女演员,我、我知道了......,"I, I know...",Я... я поняла...
line-127,女演员,欸，你们是——,Huh? You people are—,"Эй, вы кто такие..."
line-129,轻佻的家族成员,什么人？！,Who the hell are you?!,Что за?!
line-138,能天使,跟我来。,Catch me if you can.,За мной.
line-145,轻佻的家族成员,啧，给我追！,"Tch, get her!","Тц, за ними!"
line-163,愤怒的家族成员,别碍事！,Don't mess with us!,Не мешайтесь!
line-165,可颂,我们走！,Let's split!,Уходим!
line-183,能天使,我记得你叫莎莉吧，你没事吧？,"Your name's Sally, right? You okay?","Кажется, тебя зовут Салли, ты в порядке?"
line-185,女演员,你们......,You...,Вы...
line-187,女演员,你们知道自己干了什么吗？！,Do you know what you've done?!,"Вы вообще понимаете, что натворили?!"
line-188,女演员,你们这哪里是救我，你们这是在害我。他们是不会善罢甘休的！,"You didn't save me at all, you're just making things worse! They're not going to let this go!","Вы не спасли меня, вы меня погубили. Они так просто не отступят!"
line-190,能天使,那你原本打算怎么解决？,So how'd you plan to get out of that mess?,А как ты собиралась решать это сама?
line-192,女演员,......忍着。,...By gritting my teeth.,...Терпеть.
line-194,能天使,啊？但你都要受伤了......,Huh? But they were gonna hurt you.,А? Но ведь ты могла пострадать...
line-196,女演员,那也只是......受伤了。,I... can deal with injuries.,"Ну, подумаешь... пострадала бы."
line-197,女演员,你以为他们真的想争夺我吗？他们只是在借机找麻烦罢了。,Did you really think they were going to kidnap me? They're just trying to cause trouble.,"Думаешь, я им правда нужна? Они просто ищут предлог, чтобы устроить заварушку."
line-199,能天使,这种事，至少要喊人来帮忙吧。,Shouldn't you at least call for help when stuff like this happens?,В таких случаях нужно хотя бы позвать кого-то на помощь.
line-201,女演员,没用的，看到是家族之间的斗争，没有人会来帮忙的。,What's the point? Nobody's going to intervene in a struggle between famiglie.,"Бесполезно. Никто не вмешается, если узнает, что это конфликт между Семьями."
line-203,能天使,不是有那位拉维妮娅法官吗？我觉得她人很好啊？,What about that Judge Lavinia lady? She seemed like a pretty decent person to me.,"А как же судья Лавиния? По-моему, она хороший человек."
line-205,女演员,......拉维妮娅法官确实是难得的好法官，但是，她拿这种事情也是没有办法的。,"She's... indeed a very good judge, but there's nothing she can do in these situations.","...Судья Лавиния и правда редкий достойный судья, но даже она бессильна в таких делах."
line-206,女演员,而且，如果我走不出这个公园，又有多少人知道，我是因为那些家族成员的冲突而消失的？,"Besides, even if I never made it out of this park, how many people would know that I disappeared because of the conflict between those mafiosi?","К тому же, если я не выйду из этого парка, кто узнает, что я исчезла из-за разборок этих Семей?"
line-208,空,所以......就要忍着吗？,So... you're just going to put up with it?,Значит... нужно просто терпеть?
line-210,女演员,除此之外，我不知道别的办法。我们从来就是这么生活的。,How else are we supposed to live our lives? This is how it's always been.,Другого выхода я не знаю. Мы всегда так жили.
line-211,女演员,找个地方躲起来，等到他们分出高下，然后跟着胜利的那一方离开，我只能这么做。,"Find a place to hide, wait until the dust settles, and then follow the victorious side out. That's all I can do.","Спрятаться где-нибудь, дождаться, пока они решат, кто сильнее, и уйти с победившей стороной — это всё, что я могу сделать."
line-213,空,怎么会这样......,But... why does it have to be like that?,Как же так...
line-215,女演员,......,......,...
line-216,女演员,唉，抱歉，我也不是真的想责备你们，说实在的，我长这么大，还是第一次真正体验被保护的感觉。,"Ugh, I'm sorry. I'm not trying to blame you, but to be honest, this is the first time in my life I've ever known what it feels like to be protected.","Эх, простите, я не хотела вас упрекать. Честно говоря, впервые за всю свою жизнь я по-настоящему почувствовала, каково это — быть под защитой."
line-217,女演员,那个家族也不是什么特别了不起的家族，总监应该会愿意帮我摆平。,That famiglia isn't even particularly influential. The director should be able to help me smooth things over.,"Та Семья не такая уж и могущественная, директор должен суметь уладить всё за меня."
line-218,女演员,但是，我还是建议你们，如果打算在叙拉古生活下去，那以后就少做这样的事。,"But just as a friendly word of advice, if you plan to stay alive in Siracusa, please try to avoid doing that kind of stuff in the future.","Но советую вам: если планируете жить в Сиракузах, поменьше делайте таких вещей."
line-219,女演员,尤其是接下来这段时间......,Especially considering what's about to happen.,Особенно в ближайшее время...
line-221,能天使,接下来怎么了？,What's about to happen?,А что будет в ближайшее время?
line-223,女演员,你们没看新闻吗，建设部部长卡拉奇死了。,"Have you not seen the news at all? Carracci, Ministro dei Lavori Pubblici, is dead.",Вы не читаете новости? Министр строительства Караччи убит.
line-225,可颂,我看到了，说他遇刺身亡了。,"Yeah, saw that. Assassinated, looks like?","Видела. Пишут, что его застрелили."
line-227,空,真是可怜的人......,I feel so bad for him.,Бедный человек...
line-229,女演员,看在你们毕竟算是好心的分上，我就多告诉你们一点吧。,"Since you all seem nice enough, I'll tell you a little more about him.","Раз уж вы проявили доброту, расскажу вам кое-что ещё."
line-230,女演员,我平时多少要应付一些家族成员，所以从他们那里也听说了一些。,"I have to deal with mafiosi pretty regularly, so I've heard a thing or two from them.","Мне часто приходится иметь дело с членами Семей, так что я кое-что слышала."
line-231,女演员,杀害卡拉奇的凶手还没有找到，而且，好像卡拉奇被害的时候，贝洛内家族的少爷也被袭击了。,"The person who murdered him hasn't been found yet, and the young master of Famiglia Bellone was also attacked at the same time.","Убийцу Караччи ещё не нашли, и, кажется, в момент его нападения на молодого господина семьи Беллоне тоже совершили покушение."
line-233,空,欸？贝洛内？！,Huh? Bellone?!,Э? Беллоне?!
line-235,女演员,对，贝洛内家好像本来已经一家独大了，但是这次显然是有人蓄谋已久要针对他们。,"That's right. The Bellones were poised to stand head and shoulders above the other famiglie, but it seems like someone's been plotting against them for a while now.","Да, семья Беллоне, похоже, уже была на вершине, но в этот раз явно кто-то давно планировал удар по ним."
line-236,女演员,很多原本已经放弃了的家族，现在又有些蠢蠢欲动了。,"Many famiglie that had previously given up are now starting to move again, little by little.","Многие Семьи, что было уже смирились, теперь снова зашевелились."
line-238,空,你有听他们提起德克萨斯这个姓氏吗？,Did you hear any of them mention the name Texas?,"Вы не слышали, чтобы они упоминали фамилию Техас?"
line-240,女演员,德克萨斯？这个姓氏在叙拉古没有人不知道吧。,Texas? There's not a single person in Siracusa who doesn't know that name.,"Техас? В Сиракузах нет человека, который не знал бы этой фамилии."
line-241,女演员,不过，好像确实听到他们说什么最后的德克萨斯之类的......,But usually in the context of 'the last Texas' or something along those lines...,"Но, кажется, я слышала что-то о «последнем из рода Техас»..."
line-243,空,真的吗！,Really?!,Правда?!
line-245,女演员,你这人真奇怪，这明显就是假的吧，德克萨斯家族怎么可能还有人活着。,"You're a strange one, you know that? It's obviously all made-up. How could there possibly be a Texas still alive out there?","Вы странные. Это же очевидная ложь, как в семье Техас кто-то мог выжить?"
line-247,空,但......好吧，你说得也对。,"But... Alright, you have a point.","Но... ладно, ты права."
line-249,女演员,总而言之，你应该知道，我们剧团因为总监的门路，有一些贝洛内家的关系。,"In any case, you should already know that our troupe has some connections to Famiglia Bellone, through the director.","В общем, знайте: наш театр благодаря связям директора имеет кое-какие отношения с семьёй Беллоне."
line-250,女演员,像是刚才那拨人，放在以前，他们都要卖总监一个面子，但是现在......,"Just as those people were saying, in the past everyone wanted to get on his good side. But now...","Те люди, что были здесь раньше — раньше они бы не посмели идти против воли директора, а теперь..."
line-251,女演员,你们都看到了。,You all saw what happened.,Вы сами всё видели.
line-253,能天使,叙拉古家族们都这么为所欲为的吗？,Do all of Siracusa's famiglie go around doing whatever the hell they want like that?,"Сиракузские Семьи что, всегда так делают, что хотят?"
line-255,女演员,......记住我这句话吧。,...Remember what I'm about to tell you.,...Запомните мои слова.
line-256,女演员,想要在叙拉古生活，要么成为家族的一员，要么就离他们要多远有多远。,"If you want to survive in Siracusa, you either need to join a famiglia, or stay as far away from them as possible.","Если хочешь жить в Сиракузах, либо стань частью Семьи, либо держись от них как можно дальше."
line-257,女演员,......然后，自欺欺人地告诉自己，只要离他们远一点，就不会惹上麻烦。,"Then... you need to delude yourself into believing that as long as you stay away from them, you won't get sucked into any trouble.","...А потом самообманом убеждай себя, что если будешь держаться подальше, то неприятностей не будет."
line-258,女演员,好了，我该回剧院了。,"Alright, I should head back to the theater now.","Всё, мне пора возвращаться в театр."
line-260,空,嗯。,Right.,Мгм.
line-269,女演员,呀啊啊啊啊！,Aaaaaaaahhhh—!,А-а-а-а-а!
line-271,能天使,又怎么了？！,What now?!,Что опять?!
line-273,女演员,这里......有个被绑住的人！,S-Someone's been tied up over here!,Там... там кто-то связанный лежит!
line-284,甘比诺,不出什么意外的话，那可怜虫应该被人发现了。,"Assuming nothin' outta the ordinary happened, someone ought to have found the poor fella by now.","Если ничего не пойдёт не так, этого беднягу должны были обнаружить."
line-285,甘比诺,真是搞不懂，为什么当时特地要留他一个活口，现在又要把他放出来。他有什么特别的吗？,"I don't get it, man. Why go through all that trouble keeping him alive, just to let him go? What's so special about that guy anyway?","Не понимаю, зачем было оставлять его в живых, а теперь отпускать? В нём есть что-то особенное?"
line-287,卡彭,这说明，那个神秘兮兮的调酒的想要这家伙现在被人发现。,"What it proves is, that shady bartender wanted him to be found.","Это значит, что тот загадочный бармен хочет, чтобы его нашли прямо сейчас."
line-288,卡彭,至于为什么......一般是要给人下套吧。,As for why... it's usually a trap.,"А почему... обычно это делается, чтобы устроить ловушку."
line-290,甘比诺,啧，真是个阴险的家伙。,"Tch, what a sinister fella.","Тц, какая же он скользкая тварь."
line-292,卡彭,如果他最后赢了，那阴险的评价就该变成算无遗策了。,"You say that now, but if he ends up winning, you're gonna be calling him a genius.","Если он победит, то его «скользкость» назовут «безупречным расчётом»."
line-294,甘比诺,无聊。,Dipshit.,Скука.
line-296,卡彭,......哈。,Hah.,...Ха.
line-298,甘比诺,笑什么？,What's so funny?,Чего смеёшься?
line-300,卡彭,我只是忽然回想起来，很久以前，我们都还是毛孩的时候，也经常这么吵架。,I just remembered how we used to argue like this back when we were kids.,"Да вспомнил, как давным-давно, когда мы ещё сопляками были, постоянно так спорили."
line-301,卡彭,真是想不到，都多少年过去了，弯弯绕绕到最后，居然还是跟你一起打拼。,"Never would've imagined that after all these years, after all of life's twists and turns, the two of us'd still be out here, fightin' for our lives.","Даже не верится, сколько лет прошло, а мы после всех этих передряг всё ещё вместе."
line-302,卡彭,命运这玩意，还真是捉摸不透啊。,That's fate for you. Never know where it's gonna take you.,Судьба — штука непредсказуемая.
line-304,甘比诺,......哼，可不是么。,Heh. Ain't that the truth.,"...Хм, и не говори."
line-305,甘比诺,谁知道，会在龙门发生那样的事。,Who could've known something like that would happen in Lungmen?,"Кто бы мог подумать, что всё так обернётся в Лунмэне."
line-306,甘比诺,发生了那样的事最后居然还回到了叙拉古。,"And that after all that, we'd still come back to Siracusa.","И после того, что там было, мы всё равно вернулись в Сиракузы."
line-308,卡彭,甘比诺，如果，我是说如果，拉普兰德最后真的不管我们了，让我们自生自灭。,"Gambino... If, and I mean if, Lappland has really decided to leave us alone, and let us fend for ourselves...","Гамбино, если, я говорю — если, Лаппланд совсем про нас забудет и бросит на произвол судьбы..."
line-309,卡彭,你还打算留在叙拉古吗？,Would you still stay in Siracusa?,Ты всё равно планируешь остаться в Сиракузах?
line-311,甘比诺,怎么，你还惦记着你的龙门呢？,"What, do you miss your Lungmen that bad?","Что, всё ещё тоскуешь по своему Лунмэну?"
line-313,卡彭,哼，算了，跟你说不通。,"Hmph. Forget it, not like you'd ever understand anyway.","Хм, забей, тебе не понять."
line-315,卡彭,聊点实际的，你真不打算换个雇主吗？,Let's talk about something more practical. You really plan on switching employers?,Давай о деле. Ты правда не хочешь сменить работодателя?
line-316,卡彭,看新闻写的，我们昨天刺杀的，可是那个贝洛内家的大少，而且，同时还死了个好像挺厉害的大人物。,"Looking at the news, the guy we tried to off today was Don Bellone's son. Seems like someone real important died at the same time.","В новостях пишут: вчера мы убили старшего сына Беллоне, и при этом ещё и какая-то важная шишка погибла."
line-317,卡彭,我们明显已经被不知道哪个家族的人当武器使了。,Which sounds to me an awful lot like some unknown famiglia has been using us as their weapons.,"Явно же понятно, что нас используют как оружие, даже не сказали, кто именно."
line-319,甘比诺,那就去当他们的武器。,"Might as well go make that relationship formal, then.",Ну так будь их оружием.
line-320,甘比诺,对我来说，我宁愿这样，也不想就干点小打小闹的事。,Better than taking on odd jobs and begging for scraps.,"По мне, лучше так, чем заниматься какой-то мелкой ерундой."
line-322,？？？,是啊，一回到叙拉古，就参与了针对十二家族之一少主的刺杀，你们两个确实长本事了。,"That's right. As soon as you're back in Siracusa, you participate in an attempted assassination of one of the Dodici dons. You two sure have grown.","Да уж, вернулись в Сиракузы и сразу за покушение на наследника одной из Двенадцати Семей. Вы и правда стали сильнее."
line-324,卡彭,......好日子到头了。,Guess the good ol' days are over...,...Хорошие деньки закончились.
line-326,甘比诺,......拉普兰德。,Lappland...,...Лаппланд.
line-332,拉普兰德,嚯，早饭吃得还不错嘛。,Oh? Today's breakfast is looking pretty good.,"Хм, неплохой завтрак."
line-334,甘比诺,......要吃自己买。,Pay for your own.,...Хочешь есть — купи себе.
line-336,拉普兰德,这可不是对待上司的态度哦。,"Aw, is that any way to treat your boss?","Это не то отношение, которое подобает проявлять к начальству."
line-338,卡彭,所以，这段时间，你干什么去了。,"So, what've you been up to all this time?",Так где тебя носило всё это время?
line-340,拉普兰德,回家探了个亲，享受了一下久违的家庭氛围，就这么简单。,"I went to say hi to the folks, and got to enjoy some sorely-missed family time. Simple as that.","Домой к родне заглянула, насладилась долгожданной семейной атмосферой. Вот так просто."
line-341,拉普兰德,哎，见到家里那张可憎的脸还是那么地讨人厌，我也就放心了。,"Haah, what a relief that despicable old mug back home is just as punchable as it's always been.","Эх, приятно видеть, что та мерзкая рожа в семье всё ещё так же отвратительна."
line-343,卡彭,家族？,You with a famiglia?,Семья?
line-345,拉普兰德,哦？我没有告诉过你们吗？我姓萨卢佐。,"Oh, did I never mention it? My last name is Saluzzo.",О? Разве я вам не говорила? Я из рода Салуццо.
line-347,甘比诺,萨卢佐？,Saluzzo?,Салуццо?
line-348,甘比诺,你姓那个萨卢佐？,You're a Saluzzo?,Та самая Салуццо?
line-350,卡彭,......,......,...
line-352,拉普兰德,卡彭，你知道我最讨厌的第三件事是什么吗？,"Capone, do you know what the thing I hate the third most is?","Капоне, знаешь, какая третья вещь, которую я ненавижу больше всего?"
line-354,,卡彭在一瞬间感到了一丝寒意，但这种感觉转瞬即逝，以至于他甚至怀疑是不是自己产生了错觉。,"Capone feels a chill course through his body, but the sensation is so fleeting that he has to wonder if it was his imagination.","Капоне на мгновение почувствовал холод, но это ощущение тут же исчезло, так что он даже засомневался, не показалось ли ему."
line-356,拉普兰德,是在别人听到我的家族时，发出感慨——,When people start wailing and moaning once they hear the name of my famiglia.,Когда люди слышат название моей Семьи и начинают причитать —
line-358,拉普兰德,啊，你确实和那个家族的作风很像。,"Ah, come to think of it, the way you do things really does remind me of that one famiglia.","«О, ты так похожа на них по повадкам»."
line-360,卡彭,那前两件呢？不妨一起告诉我，我可不想死得不明不白的。,"What about the other two things? If I'm gonna die, might as well die knowing.","А какие две первые? Может, скажешь, а то не хочется помереть, не зная правды."
line-362,拉普兰德,看来你已经学会怎么和我相处了，哈哈。,Haha. Seems like you've picked up on how to get along with me.,"Кажется, ты уже научился со мной общаться, ха-ха."
line-363,拉普兰德,实际上这是我刚刚想的。,"Actually, I just came up with that line on the spot.","На самом деле, я только что это придумала."
line-365,卡彭,啧。,Tch.,Тц.
line-367,拉普兰德,好了，说说看吧，为什么你们会参与针对贝洛内家的刺杀？,"Alright, talk to me. So why'd the two of you decide to do a hit on Famiglia Bellone?","Ладно, рассказывайте, зачем вы ввязались в это покушение на Беллоне?"
line-381,卢比奥,请进。,Come in.,Входите.
line-388,拉维妮娅,打扰了，卢比奥部长。,"Sorry for bothering you, Signor Segretario.","Беспокою вас, министр Рубио."
line-390,卢比奥,拉维妮娅法官阁下，稀客，稀客。,"No, no, Your Honor, the pleasure is mine.","Госпожа судья Лавиния, редкий гость, редкий гость."
line-392,拉维妮娅,......你的办公室，真是气派。,Your office is... quite impressive.,...У вас впечатляющий кабинет.
line-394,卢比奥,哈哈，平时要接待贵客，他们都喜欢这种装修，干脆我也弄成了这样。,"Haha, I frequently have distinguished guests here, and this is the sort of decor they prefer, so I figured I'd go along with it.","Ха-ха, часто приходится принимать важных гостей, им нравится такой дизайн, вот я и сделал так."
line-395,卢比奥,所以，找我有何贵干？,"So, did you need me for something?","Так, зачем пожаловали?"
line-397,拉维妮娅,卢比奥部长，我想找你聊一聊卡拉奇的死。,I wanted to talk to you about Carracci's death.,"Министр Рубио, я хотела поговорить о смерти Караччи."
line-399,卢比奥,嗯？我应该已经录过口供了。,Hmm? I believe I already made a statement about that.,М? Я вроде бы уже давал показания.
line-401,拉维妮娅,我知道。,I know.,Я знаю.
line-403,拉维妮娅,只是——出于我个人的一些想法，想找你聊一聊。,"But I wanted to have a chat with you, for more personal reasons.",Просто... из личных соображений хотела поговорить с вами.
line-405,卢比奥,......噢，我听说了，你说你会找出凶手，给卡拉奇一个交代。,Oh right... I heard you swore you'd find Carracci's murderer and bring them to justice.,"...О, я слышал, вы сказали, что найдете убийцу и добьётесь справедливости для Караччи."
line-406,卢比奥,好啊，好，年轻人就应该这样有冲劲。,"Good, good. Young folks ought to have that kind of drive.","Хорошо, отлично, молодые люди должны быть полны энтузиазма."
line-407,卢比奥,现在有进展了吗？,So have you made any progress?,Есть успехи?
line-409,拉维妮娅,......很遗憾，还没有。,"Unfortunately, not yet.","...Увы, пока нет."
line-411,卢比奥,可惜，可惜。,Sorry to hear that.,"Жаль, очень жаль."
line-413,拉维妮娅,我听说，你和卡拉奇部长的私交不错，所以......,"I heard you'd always been on good terms with him personally, so...","Я слышала, вы были в хороших отношениях с министром Караччи, поэтому..."
line-415,卢比奥,确实，卡拉奇对于民生相当关注，饮食啊，卫生啊之类的，他都挺关心的。,"That's true. Carracci was greatly concerned with the citizenry's well being, things such as food, water, and sanitation.","Да, Караччи сильно беспокоился о нуждах народа: питание, гигиена и всё такое, он действительно переживал."
line-416,卢比奥,不过，我可能没什么能帮到你的。,But I don't think there's anything I can do to assist you.,Но я вряд ли смогу вам чем-то помочь.
line-417,卢比奥,他真正的核心圈子，我可从来没有混进去过。,I never actually mingled my way into his innermost circle.,Я никогда не входил в его ближний круг общения.
line-419,卢比奥,有心无力啊。,"So while I'd love to help, there's nothing I can do.","Увы, чем могу — помогу, но тут я бессилен."
line-421,拉维妮娅,随便什么都可以，你觉得可疑的地方，或者在政府方面值得注意的人。,"Anything you can give me is fine. A place you think is suspicious, or anyone in the government I should keep an eye on.",Хоть что-нибудь. Что вам показалось подозрительным или на кого в правительстве стоит обратить внимание?
line-423,卢比奥,太多了，你能明白我的意思吗？,"You're asking too much. You understand what I'm saying, don't you?","Слишком много таких, понимаете?"
line-424,卢比奥,......法官阁下，在卡拉奇之前，死了几个建设部部长，你还记得吗？,Your Honor... several other Ministri dei Lavori Pubblici died before Carracci. Do you remember them?,"...Госпожа судья, а вы помните, сколько министров строительства погибло до Караччи?"
line-426,卢比奥,七个？还是八个？,Seven? Or maybe eight?,Семь? Или восемь?
line-427,卢比奥,坐在这个位置的人不过是个傀儡，每个家族都想把自己的人推上去。,The people in those positions were just puppets. Each famiglia was trying to push their own people up there.,"Тот, кто занимает это кресло — лишь марионетка. Каждая Семья хочет пропихнуть своего человека."
line-428,卢比奥,然后再被其他家族的人干掉。,"But in the end, they were all taken out by other famiglie.",А потом его устраняет другая Семья.
line-429,卢比奥,说白了，谁都看得出来，建设部部长这么重要的位置，家族们没有把自己的人填上去，而是选了一个身家清白的卡拉奇。,"When it came to a position as important as il Ministro dei Lavori Pubblici, though, I'll be blunt here, it was clear as day why the famiglie filled the position with a man as spotless as Carracci instead of installing one of their cronies.","Если уж начистоту, все понимают: такая важная должность, как министр строительства, а они не поставили своего, а выбрали Караччи, у которого нет за спиной Семьи."
line-430,卢比奥,只不过是因为，再死下去，城市建设都要无法进行了。,"For one simple reason: if the killing continued, the construction of the city would grind to a halt.","Просто потому, что если они продолжат убивать, городское строительство встанет."
line-431,卢比奥,如果我的人上不了，起码保证上去的不是你的人。于是，卡拉奇就坐在了那个位置上。,"'If our people can't get in, then we'll at least make sure yours can't either.' That is why Carracci occupied that seat.","Если я не могу протащить своего, то хотя бы гарантирую, что там не будет твоего. Так Караччи и оказался в этом кресле."
line-433,卢比奥,不错，他和贝洛内走得很近，贝洛内家的大少爷甚至在他身边当秘书。可是，某种程度上，他和其他家族走得一样近。,"Make no mistake, he had close ties with the Bellones. The Don's son even sat beside him as his secretary. But, in one way or another, he was just as close with every other famiglia.","Да, он был близок с Беллоне, их наследник даже работал у него секретарём. Но, по правде говоря, он был так же близок и со всеми остальными."
line-434,卢比奥,炎国有一句老话，“常在河边走，哪有不湿鞋”，对吧？我当然相信卡拉奇的正直，那又如何呢？别人可不这么看。,"There's an ancient Yan saying to the effect of 'he who walks oft along the river, inevitably finds his shoes wet,' yes? I have always trusted in Carracci's integrity, but so what? Others did not see it that way.","В Янь есть поговорка: «Кто ходит по берегу, тот рано или поздно намочит ноги», верно? Я верю в честность Караччи, но что толку? Другие так не думают."
line-435,卢比奥,在叙拉古人的思维里，我们的选择无非是成为这家的宠物，或者那家的宠物。,"The way Siracusans think, you either choose to be one famiglia's pet, or you choose to be another's.","В мышлении сиракузцев у нас нет выбора, кроме как стать домашним питомцем одной семьи или другой."
line-437,卢比奥,说白了，卡拉奇一定会死，所有家族未来的计划中都没有这个人，你觉得他自己不知道吗？,"In other words, Carracci's death was inevitable. He wasn't part of any of famiglia's vision for the future. Do you think he was oblivious to that fact?","Если честно, Караччи должен был умереть. В планах всех Семей на будущее этого человека просто не существовало. Думаете, он сам этого не понимал?"
line-438,卢比奥,他死在今天，死在一个月前，或者死在一个月后，实际上没有任何区别。,"In the end, it doesn't matter whether he died today, a month ago, or a month from now.","Умер он сегодня, месяц назад или месяц спустя — разницы никакой."
line-440,拉维妮娅,你知道他付出了多少的努力。,You know how much hard work he put in.,"Вы же знаете, сколько усилий он приложил."
line-442,卢比奥,那他最后获得了什么呢？,And what did he get for it in the end?,И чего он в итоге добился?
line-443,卢比奥,不，就按照你说的吧，假设他是个无私的人，那他为之努力的人，那些他常常挂在嘴上的“市民”，最后还给他什么了吗？,"Actually, let's assume he was as selfless a person as you say. What did the people he worked so hard for, those whom he so eloquently claimed as 'his dear citizens,' give him in the end?","Нет, давайте по-вашему: допустим, он был бескорыстным. Но люди, ради которых он старался, те «горожане», о которых он постоянно твердил, — они хоть что-то сделали для него?"
line-445,拉维妮娅,......,......,...
line-447,卢比奥,法官阁下，我也是听说过你不少传闻的。,"Your Honor, I've also heard a great many rumors about you.","Госпожа судья, я ведь тоже наслышан о вас."
line-448,卢比奥,你确实做出了不少成绩。,You undeniably have a fair number of accomplishments under your belt.,Вы действительно многого добились.
line-449,卢比奥,但是，这其中，有多少是你自己的努力，有多少是背后那位的影响，你自己难道不清楚吗？,"But among them, how many were due solely to your own hard work, and how many were influenced by the people behind your back? You already know the answer, don't you?","Но сколько в этом ваших заслуг, а сколько влияния того человека, что стоит за вашей спиной, — неужели вы сами не понимаете?"
line-451,拉维妮娅,你——,You—,Вы—
line-453,卢比奥,说真的，法官阁下，你真的不是替贝洛内来试探我的吗？,"If I may be frank, Your Honor, are you really not here to test me on behalf of Bellone?","Серьёзно, госпожа судья, вы точно пришли не по просьбе Беллоне, чтобы меня прощупать?"
line-455,拉维妮娅,我绝对没有这个意思。,"That is not my intention, I swear.",У меня даже в мыслях такого не было.
line-457,卢比奥,......我倒宁愿你有这个意思。,...I'd prefer it were.,"...А я бы предпочёл, чтобы было."
line-458,卢比奥,听我一句劝吧，法官阁下。,"Then please heed this word of caution, Your Honor.","Прислушайтесь к совету, госпожа судья."
line-459,卢比奥,死了的人就是死了。,Let those who've died stay dead.,Мёртвые мертвы.
line-460,卢比奥,我们自己的麻烦已经够多了，别为死人操心太多。,We already have too much to worry about without overly concerning ourselves with the deceased.,"У нас своих проблем хватает, не стоит слишком убиваться по мертвецам."
line-462,拉维妮娅,......这就是与卡拉奇部长交好的人的态度吗？,And... this is the attitude of someone who was on good terms with him?,"...Вот как отзывается человек, который был дружен с министром Караччи?"
line-464,卢比奥,如果你想要在沃尔西尼的政府里再活得久一点，那我建议你也应该学一学。,"If you want to have a slightly longer lease on life in Volsinii's government, I'd suggest you learn this lesson well.","Если хотите продержаться в правительстве Вольсини подольше, советую вам взять это на вооружение."
line-472,卢比奥,喂，女儿，哦，我还在工作，你准备好了吗？,"Oh, hello sweetheart. Ah, I'm still at work right now. Are you ready to go?","Алло, доченька, да, я на работе. Ты готова?"
line-473,卢比奥,哦，好，那我也准备准备过去了。,"Mm, alright. I'll get ready to head over then.","Хорошо, тогда я тоже собираюсь."
line-474,卢比奥,好，好。,"Okay, okay.","Хорошо, хорошо."
line-478,卢比奥,那么，今晚有一家新开的餐厅邀请我去检查一下他们的食材。,"That was my daughter. Now, a newly-opened restaurant has invited me to inspect their ingredients tonight.","Так вот, сегодня вечером один новый ресторан пригласил меня проверить качество их продуктов."
line-479,卢比奥,我就不奉陪了。,We'll have to set aside our discussion for later.,"Боюсь, я вынужден откланяться."
line-481,拉维妮娅,......,......,...
line-483,卢比奥,对了，请转告莱昂图索少爷，如果他对美食有兴趣，欢迎来找我。,"Oh right, please let Master Leontuzzo know that he is welcome to talk to me if he's interested in the gourmet experience.","Кстати, передайте господину Леонтусо, что если он интересуется высокой кухней, то милости прошу."
line-485,拉维妮娅,......我会记住的。,...I'll remember to pass it on.,...Я запомню.
line-487,卢比奥,那么，不送。,"Now then, please see yourself out.",Всего доброго.
line-497,拉维妮娅,......唉。,...*sigh*.,...Эх.
line-505,拉维妮娅,你说什么？发现了一个昏迷的人，被绑起来了？是餐厅刺杀领头的那个？,What did you say? You found someone unconscious and tied up? The leader of the bunch that attacked the restaurant?,"Что вы сказали? Нашли человека без сознания, связанного? Того самого, что возглавлял покушение в ресторане?"
line-507,拉维妮娅,我知道了，我立刻去现场。,Understood. I'll be there right away.,"Я поняла, сейчас буду на месте."
line-516,甘比诺,所以，我们两个只是凑巧参与了这场刺杀而已，没什么能帮上你的情报。,"I'm telling you, the two of us just happened to be involved in that hit. We don't know nothing.","Так что мы просто случайно влипли в это покушение, никакой полезной информации для тебя у нас нет."
line-518,卡彭,我们不知道下命令的家伙是哪个家族的，倒是给钱很爽快。,"As for the guy who handed out the orders, we don't know which famiglia he belongs to, but he sure was generous with the cash.","Мы не знаем, какая Семья отдала приказ, зато платили хорошо."
line-520,拉普兰德,对方显然最想要你们这种来路可疑的杀手，这样死了也不会被查出是谁雇来的。,"They were clearly looking for hitmen with murky backgrounds like you two, so when you die, there'd be no trail back to who hired you.","Очевидно, что заказчику нужны были такие киллеры, как вы, с сомнительной репутацией, чтобы в случае провала никто не догадался, кто нанял."
line-521,拉普兰德,说不定，你以为你们是凑巧遇上，实际上，对方早就盯上你们了。,"You might think you ran into them by chance, but it wouldn't surprise me if they had their eyes on you a long time ago.","Может быть, вы думаете, что встретились случайно, а на деле вас давно пасли."
line-523,卡彭,也不是没有可能。,I'm not saying they didn't.,Всё возможно.
line-525,拉普兰德,所以，你们猜你们的雇主是谁？,"So, want to take a crack at who your employer is?","Так как думаете, кто ваш заказчик?"
line-527,卡彭,......罗塞蒂或者萨卢佐呗，十二家族在这座城里争了这么久，除了贝洛内，剩下还有力气的也就这两家了。,"Probably... the Rossatis or the Saluzzos. Of the Dodici who've been fighting over this city all this time, and with the Bellones out of the picture, they're the only two famiglie with enough power left.","...Россетти или Салуццо, понятно дело. Двенадцать Семей так долго грызлись в этом городе, что кроме Беллоне силы остались только у этих двоих."
line-529,拉普兰德,确实，一般人恐怕都会这么想吧。,"Right, I'm sure most people would think the same.","Верно, любой бы так подумал."
line-530,拉普兰德,但是，现在你们已经知道，萨卢佐并没有策划这样的事。,But now you know the Saluzzos were never planning anything like that.,"Но теперь вы знаете, что Салуццо ничего подобного не планировала."
line-532,甘比诺,那就是——罗塞蒂？,That just leaves... the Rossatis?,Значит — Россетти?
line-534,拉普兰德,也不是没有别的可能性。,One more.,Есть и другие варианты.
line-536,甘比诺,什么意思？,What do you mean?,В каком смысле?
line-538,拉普兰德,一开始被你们解决的那几个倒霉蛋，他们原本的目标，是建设部的人。,Remember those poor suckers you took out early on? They were originally targeting people from il Ministero dei Lavori Pubblici.,"Те бедолаги, которых вы прикончили первыми, изначально охотились за человеком из Министерства строительства."
line-539,拉普兰德,而贝洛内的少爷如今在建设部干活，也就是说，被你们解决的那批人，实际上，也是要对贝洛内不利的人。,"Don Bellone's son's been working there, so another way of putting this is that the folks you dealt with were trying to get in Bellone's way.","А наследник Беллоне сейчас работает в министерстве. То есть та шайка, которую вы устранили, тоже хотела навредить Беллоне."
line-541,卡彭,......你是说，我们帮贝洛内解决了一个威胁，却在那之后，又参与了一场更大的针对贝洛内的刺杀。,"So... what you're saying is, we helped the Bellones put down a threat, but then turned right around and hit 'em even harder.","...Ты хочешь сказать, что мы помогли Беллоне устранить угрозу, но после этого сами же поучаствовали в ещё более крупном покушении на них же?"
line-543,甘比诺,......这有什么好大惊小怪的，家族之间互相倾轧这种事，我们见得还少吗？,...So what? We see famiglie doing that kinda power jockeying stuff every day.,"...И что тут такого удивительного? Междоусобные войны Семей — частое явление, разве мы мало видели?"
line-545,卡彭,这......倒也确实，说不定我们一开始只是随手解决了几个不长眼的家伙。,"That... He's got a point. The first hit we made might've just been on some unlucky, short-sighted bastards.","Это... ну да, может, мы просто случайно убрали пару глаз, которые мозолили другим."
line-547,拉普兰德,但是，别忘了，那是一次“灭口”。,"But don't forget, you were specifically sent to 'shut them up.'","Но не забывайте, это была «зачистка»."
line-550,卡彭,你是说？！,"Wait, are you serious?!",Ты хочешь сказать?!
line-552,甘比诺,你们的意思是，贝洛内有内鬼？,Are you suggesting... there's a double agent inside the Bellones?,"Вы думаете, что в Беллоне завёлся крот?"
line-554,拉普兰德,只是一种可能性而已。,Just another possibility.,Всего лишь одна из возможностей.
line-555,拉普兰德,哈哈哈哈，但是，这就有意思了。,"Hahaha, but hey, that's what makes things interesting.",Аха-ха-ха! Но это уже интересно.
line-557,拉普兰德,让我们顺着这个思路想一想吧。,Let's assume that's true and do a little thought experiment here.,Давайте поразмышляем в этом ключе.
line-558,拉普兰德,建设部部长卡拉奇死了，而在那之前，发生过针对建设部的人的刺杀。,"Carracci, il Ministro dei Lavori Pubblici, is dead. And before that, several more people in the ministero were killed.","Министр строительства Караччи убит, а до этого были покушения на людей из министерства."
line-559,拉普兰德,一般人都会把这两件事联系起来，尤其是那个可怜的法官。,"Naturally, most people are going to see those things as connected, especially that poor judge.","Обычный человек обязательно свяжет эти два события, особенно та несчастная судья."
line-561,拉普兰德,但是，之前刺杀的凶手已经被灭口，领头的也没有找到，她一筹莫展，怎么办呢？,"But. The perpetrator who carried out the hit has already been silenced, and she can't find their leader either. She's at a complete loss, so what does she do next?","Но убийцы из первого покушения были подчищены, главаря не нашли, она в тупике. Что делать?"
line-563,拉普兰德,这时候，要是有线索就好了。,If only some kind of clue would appear.,Вот бы сейчас появилась улика.
line-564,拉普兰德,而你们丢出去的那个杀手，不就是最好的线索吗？,"And what do you know, isn't that assassin you dumped out there the best possible lead?","А тот киллер, которого вы выбросили — разве не лучшая улика?"
line-566,卡彭,所以才在这个时候把这家伙丢出来吗......,So that's why they waited until now to throw that guy out...,Потому его и выбросили именно сейчас...
line-568,卡彭,这倒是说得通。,"It does make sense, when you put it that way.",Логично.
line-569,卡彭,然后，再稍微做些埋伏，让这个法官出些意外......,"Then, they set up a little ambush, and make sure the judge has an 'accident'...","А потом ещё и засаду устроить, чтобы судья попала в передрягу..."
line-575,拉普兰德,“嘭——”,Kaboom.,«Пум—»
line-577,,拉普兰德像是爆开一般，张开双手倒在沙发上。,"Lappland stretches out her hands and falls back onto the sofa, as if knocked back by the blast.","Лаппланд, словно взорвавшись, раскинула руки и повалилась на диван."
line-579,拉普兰德,所有人都会被波及。,Everyone's gonna get pulled in.,Все окажутся замешаны.
line-581,拉普兰德,啊，真是个不错的点子。,"Ahh, what a great idea.","А, отличная идея."
line-582,拉普兰德,不错到如果不是这样发展的话，我想让它变成这种发展。,"It's so great that even if this is all bullshit, I'd <i>want</i> to make it reality.","Настолько отличная, что если бы события не развивались так, я бы захотела, чтобы они развивались именно так."
line-584,甘比诺,......所以，你们两个的意思是，这是贝洛内的自导自演？,"So... lemme get this straight, you two are sayin' that the Bellones are puttin' on a whole goddamn opera?","...То есть, вы хотите сказать, что это Беллоне сами всё подстроили?"
line-586,卡彭,不是没有这种可能。,It's definitely possible.,Не исключено.
line-587,卡彭,毕竟，最了解贝洛内的，无疑是贝洛内自己。,"After all, nobody understands the Bellones better than themselves.","В конце концов, кто знает Беллоне лучше, чем сами Беллоне?"
line-589,甘比诺,哼，要我说就是不可能。,Hmph. I don't buy it.,"Хм, по мне так невозможно."
line-591,甘比诺,事关整个家族的未来谋划，在这种节骨眼上对自己家族的人下手，叙拉古没有这样的杂种。,These are the famiglia's plans for the future we're talking about. There ain't a single wise guy in all of Siracusa who'd attack his own famiglia at a time like this.,"На кону будущее всей Семьи, в такой критический момент наносить удар по своим же... В Сиракузах нет таких ублюдков."
line-593,卡彭,甘比诺，你也该发现了，你这种盲目的自信正是招致西西里人覆灭的原因。,"Gambino, you should've realized by now that kinda blind confidence is what brought down the Sicilians.","Гамбино, ты должен был заметить: твоя слепая уверенность — это то, что погубило Сицилию."
line-595,甘比诺,你——,You—,Ты—
line-597,卡彭,但不得不说，这一次我的想法跟你一样。,"But I gotta say, I think I agree with you this time.","Но должен признать, в этот раз я согласен с тобой."
line-599,拉普兰德,啊哈，说不定他们在自导自演，故意示弱，让所有人都以为他们已经不堪一击。,"Aha! Then maybe they're putting on this show to feign weakness, so everyone thinks they're vulnerable and—","Аха, а может, они всё разыгрывают, притворяются слабыми, чтобы все подумали, что они беззащитны?"
line-601,卡彭,......但他们已经胜券在握了。,But they were already on the cusp of victory.,...Но победа уже у них в руках.
line-602,卡彭,难道你想说，贝洛内的内部串通好了，放弃唾手可得的城市，非要把这座城市搅得天翻地覆？,"Do you seriously think that the Bellones just decided to give up on a city that was right at their fingertips, just to turn this whole place upside-down?","Хочешь сказать, что в Беллоне договорились, решили бросить город, который был у них в кармане, и перевернуть всё вверх дном?"
line-604,甘比诺,他们有病？,Are they crazy or something?,"Они что, больные?"
line-606,拉普兰德,谁知道呢，这片大地上的疯子，或许远比你想象得要多。,Who knows? There are more lunatics walking this land than you might think.,"Кто знает, сумасшедших на этой земле, возможно, гораздо больше, чем ты думаешь."
line-608,拉普兰德,呵呵，既然这样的话，也该结束愉快的用餐时间了。,"Haha, but I guess our merry mealtime needs to wrap up.","Хе-хе, ну что ж, пора заканчивать приятный обед."
line-609,拉普兰德,祝你们玩得开心。,I hope you have a jolly ol' time out there.,Удачи повеселиться.
line-611,卡彭,你就只是来露一面？,You stopped by just to say hello?,Ты пришла только ради этого?
line-613,拉普兰德,你们很想替我做事吗？,"What, are you that eager to be my henchmen?",Вы очень хотите поработать на меня?
line-615,卡彭,我倒是没有那个兴趣。,I wouldn't say it's high on my priorities.,Не особо горю желанием.
line-617,卡彭,不过，至少告诉我们，你站在哪一边。,But at least tell us which side you're on.,"Но хотя бы скажи, на чьей ты стороне."
line-618,卡彭,我可不想不知不觉跟你作对，然后莫名其妙地死了。,"Last thing I want is to end up fighting against you without realizing, and dying without knowing what hit me.",Не хотелось бы случайно пойти против тебя и бесславно сдохнуть.
line-620,拉普兰德,我？我当然永远是德克萨斯最忠实的后盾。,"Me? Naturally, I'll always be Texas's most loyal supporter.","Я? Конечно же, я навеки верный оплот Техаса."
line-631,德米特里,人都埋伏好了吗？,Is everyone in position for the ambush?,Люди в засаде?
line-633,护卫,......是。,...Yes.,...Да.
line-635,德米特里,你好像有话要说。,You seem like you want to say something.,"Ты, кажется, хочешь что-то сказать."
line-637,护卫,......我只是觉得，拉维妮娅小姐有些可怜。,I was just thinking... I feel bad for Signorina Lavinia.,...Просто мне жаль мисс Лавинию.
line-638,护卫,不管怎么说，她毕竟也算是我们家族的朋友。,"Whatever the case may be, she's a friend to the famiglia.","Как ни крути, она всё-таки наш друг."
line-640,德米特里,......如果，如果和她成为朋友的不是莱昂，不是贝洛内家族下一任的领袖——,"If only the one she befriended wasn't Leon, the next don of Famiglia Bellone—","...Если бы с ней дружил не Леон, а кто-то другой, не будущий наследник семьи Беллоне —"
line-641,德米特里,我也不想当这个恶人。,"Look, I don't want to be the villain either.",я бы и сам не хотел играть роль злодея.
line-642,德米特里,她想玩她的公正游戏，她大可以去玩。,"So she wants to play her little game of justice. Sure, that we can allow, to an extent.",Хочет играть в свои «игры справедливости» — пусть играет.
line-644,德米特里,但是，她自以为有首领为她背书，这些年做的事，对莱昂......不，对我们整个家族的影响都越来越大了。,"But she thinks she has the backing of one of the bosses. What she's done over the years has had a larger and larger impact on Leon... No, on our entire famiglia.","Но она мнит себя под защитой главы, и за эти годы её действия стали слишком сильно влиять на Леона... нет, на всю нашу семью."
line-646,德米特里,贝洛内不需要这样的温情脉脉。,The Bellones don't need softness like that.,Беллоне не нуждаются в этой сентиментальности.
line-647,德米特里,她必须认清这一点，莱昂也必须认清这一点。,"She must be made crystal-clear of this fact, and so must Leon.","Она должна это осознать, и Леон тоже должен это осознать."
line-648,德米特里,否则......,Otherwise...,Иначе...
line-649,德米特里,我们是没有办法在即将到来的混乱中取得最终胜利的。,We'll never be able to seize ultimate victory from the chaos that's about to ensue.,нам не добиться окончательной победы в грядущем хаосе.
line-651,护卫,但是，少爷他......,"But, the young master, he—",Но господин он...
line-653,德米特里,我知道你们许多人心里都有疑虑，这件事的一切责任在我，莱昂到时候问罪下来，不会波及你们。,"I know many of you are still conflicted about this. I will assume full responsibility for whatever happens. When Leon eventually comes asking who to blame, I won't get any of you involved.","Я знаю, что многие из вас сомневаются. Вся ответственность на мне. Если Леон спросит, вас это не коснётся."
line-655,护卫,......唉。,...*sigh*.,...Эх.
line-665,,切利尼娜，我要送你去叙拉古生活一段时间。,"Cellinia, I need to send you to stay in Siracusa for a while.","Челининия, я отправляю тебя в Сиракузы на некоторое время."
line-666,,你必须去。,You have to go.,Ты должна ехать.
line-667,,哥伦比亚的家族们，换上了华贵的礼服，住进了精致的别墅，踏入了所谓的上流，就自以为和叙拉古划清了界限。,"The Columbian famiglie changed into opulent attire, took up residence in luxurious mansions, and stepped into the so-called upper class, thinking they had clearly delineated a boundary between them and Siracusa.","Колумбийские Семьи облачились в дорогие платья, переехали на роскошные виллы и вошли в так называемый высший свет, решив, что открестились от Сиракуз."
line-668,,他们说，叙拉古野蛮不堪，他们认为，自己高叙拉古一等。,"'Siracusa is barbaric, while we are not.' They spoke those words, thinking themselves superior to our homeland.","Они говорят, что Сиракузы варварские, и считают себя выше них."
line-669,,你的父亲，已经被这种想法所俘虏。,Your father's been captured by this line of thinking too.,Твой отец попал в плен этой иллюзии.
line-670,,而你，我要你去看看。,"As for you, I need you to see for yourself.","А ты — я хочу, чтобы ты посмотрела сама."
line-671,,看看我们从什么地方而来，看看我们与他们是否真的有所差别。,See the place we came from. See if we're any different from them.,"Посмотрела, откуда мы вышли, и поняла, действительно ли мы от них отличаемся."
line-679,德克萨斯,......谁？,...Who's there?,...Кто?
line-686,拉普兰德,我给你带了点巧克力，要吃吗？,I've brought you some chocolate. Want some?,"Я принесла тебе шоколадку, хочешь?"
line-688,德克萨斯,......叙拉古的监狱安保真是让人无法信任。,I see prison security in Siracusa is as shoddy as ever.,...Безопасность в сиракузской тюрьме вызывает сплошное недоверие.
line-690,拉普兰德,实际上，和别的城市相比，这座监狱已经称得上固若金汤了。,"You know, they call this one impregnable, at least compared to other cities.","На самом деле, по сравнению с другими городами, эта тюрьма — неприступная крепость."
line-692,德克萨斯,......,......,...
line-695,,德克萨斯微微叹了一口气，接过拉普兰德手中的巧克力咬了一口。,"Texas lets out a tiny sigh, and takes a bite out of the chocolate in Lappland's hand.","Техас слегка вздохнула, взяла шоколад из рук Лаппланд и откусила кусочек."
line-696,,是她最讨厌的口味。,It's her least favorite flavor.,Это был самый ненавистный ей вкус.
line-698,拉普兰德,哈，我还以为你会干脆地把我轰出去。,Hah. And here I thought you'd be chasing me out instead.,"Ха, думала, ты просто выставишь меня за дверь."
line-700,德克萨斯,赶走你要花的力气比无视你要多太多了。,That takes a lot more effort than just ignoring you.,"На то, чтобы выгнать тебя, тратится куда больше сил, чем на игнорирование."
line-701,德克萨斯,所以，只要你不拦我的路，那就随你的便。,"So long as you don't get in my way, do whatever you want.","Поэтому, если ты не стоишь у меня на пути, делай что хочешь."
line-703,拉普兰德,我真感动，德克萨斯，你果然已经逐渐学会怎么跟我相处了。,"Aw, I'm almost moved to tears here, Texas. Even you're gradually figuring out how to get along with me.","Я растрогана, Техас, ты и правда научилась со мной общаться."
line-704,拉普兰德,我从来不会拦别人的路，我更喜欢为人拨开迷雾，让他更好地看清前方有什么。,"I never get in other peoples' way. I'd much rather clear the fog for them, so they can better see where they're going.","Я никогда не стою у других на пути, я люблю развеивать туман, чтобы человек лучше видел, что ждёт впереди."
line-706,德克萨斯,萨卢佐知道多少？,How much do the Saluzzos know?,Что знает Салуццо?
line-708,拉普兰德,萨卢佐知道的不比你多。,No more than you do.,Салуццо знает не больше твоего.
line-709,拉普兰德,贝洛内原本稳操胜券，为了牵制罗塞蒂，还把你从龙门弄了回来，可以说是防患于未然。,"The Bellones were pretty much a shoo-in to win, but to keep the Rossatis down, they even brought you back from Lungmen, as a precautionary measure of sorts.","Беллоне были уверены в своей победе, чтобы сдерживать Россетти, даже вытащили тебя из Лунмэна, можно сказать, перестраховались."
line-710,拉普兰德,但是，就在这个节点，却发生了昨天那场刺杀。,"But right at the critical moment, yesterday's assassination took place.",Но именно в этот момент произошло вчерашнее покушение.
line-711,拉普兰德,以至于让人不得不去想，太刻意了，出手的人真的想要藏吗？,It's so blatant that people can't help but think it had to be intentional. Is the perpetrator even trying to stay hidden?,"Что заставляет задуматься: слишком уж нарочито, неужели тот, кто нанёс удар, действительно хотел спрятаться?"
line-713,德克萨斯,......,......,...
line-715,拉普兰德,所以你呢，打算在这座监狱里继续回忆龙门的点点滴滴，直到那个法官放你出去？,So what about you? Planning to sit in this cell reminiscing about every little thing that happened in Lungmen until that judge lets you go?,"Так что, планируешь и дальше сидеть в этой тюрьме, вспоминая детали своей жизни в Лунмэне, пока судья не выпустит тебя?"
line-716,拉普兰德,你不是急着想要回龙门吗？,Weren't you in a hurry to get back there?,Ты ведь так спешила вернуться в Лунмэн?
line-718,德克萨斯,如果等待也是回家路上的一环，那我的耐心并不差。,"If you consider the wait as just another leg of the journey home, then I can be pretty patient.","Если ожидание — это часть пути домой, то у меня достаточно терпения."
line-720,拉普兰德,但是，如果那个法官现在可能有危险呢？,But what if that judge is in danger?,А если эта судья сейчас в опасности?
line-722,德克萨斯,......,......,...
line-735,拉维妮娅,他在哪？他醒过来了吗？,Where is he? Has he woken up yet?,Где он? Он пришёл в себя?
line-737,书记员,拉维妮娅法官，你来了！我们已经完成了对现场的控制。,"Good to see you here, Your Honor! We've already taken full control of the scene.","Судья Лавиния, вы пришли! Мы взяли место под контроль."
line-738,书记员,嫌疑人还没有醒过来，他被绑着塞进了角落的垃圾桶里。我们已经通知医院的人了。,"The suspect is still unconscious, but he was tied up and stuffed into a trash can over by the corner. We've already notified the hospital.","Подозреваемый пока без сознания, его нашли связанным в мусорном баке в углу. Мы уже сообщили врачам."
line-740,拉维妮娅,发现这个人的是？,Who found him?,Кто его нашёл?
line-742,书记员,是白日剧团的几个演员，她们因为还有排练就先离开了。,A group of actors from Compagnia dell'alba. They already left because they had a rehearsal to get to.,"Актёры из театра «Белый день», они ушли, так как у них репетиция."
line-744,拉维妮娅,白日剧团吗......贝纳尔多的人？,Compagnia dell'alba... Bernardo's people?,Театр «Белый день»... люди Бернардо?
line-745,拉维妮娅,他还真是阴魂不散。,He really is cursed with bad luck.,"Он действительно, как тень, от него не избавиться."
line-747,书记员,拉维妮娅法官，上次你报告的那起灭口案，被杀的就是这家伙的同伙吧？,"Your Honor, the people murdered in the witness elimination case you reported last time were this person's accomplices, right?","Судья Лавиния, в том деле об убийстве, что вы докладывали, жертвой был сообщник этого парня?"
line-749,拉维妮娅,嗯，我们在那些人的身上没有发现任何能证明身份的东西。,"Yes, but we couldn't find anything on them to identify them with.","Да, у тех людей мы не нашли ничего, что могло бы подтвердить их личность."
line-751,书记员,可为什么这个领头的，会这么凄惨地出现在这里......,Why would their leader show up here in such a sorry state then...?,Но почему главарь оказался здесь в таком плачевном состоянии...
line-752,书记员,要我试试看叫醒他吗？,Want me to try waking him up?,"Хотите, я попробую привести его в чувство?"
line-754,拉维妮娅,拜托你了。,Please do.,Пожалуйста.
line-762,冷静的杀手,咳咳咳......咳咳！,*cough* *cough*... *cough* *cough*!,Кхе-кхе-кхе... кхе!
line-764,拉维妮娅,别挣扎，你已经被我们控制了。,Stop struggling. We already have you restrained.,"Не сопротивляйтесь, вы под стражей."
line-766,冷静的杀手,......拉维妮娅。,...Lavinia.,...Лавиния.
line-768,拉维妮娅,你明白自己的处境吗？是谁把你绑了放在这里的？,Do you understand the situation you're in? Who tied you up and dumped you here?,"Вы понимаете, в каком положении находитесь? Кто вас связал и оставил здесь?"
line-770,冷静的杀手,法官小姐，问这些有什么意义吗？,"Do you really need to ask, judge?","Мисс судья, есть ли смысл спрашивать об этом?"
line-772,拉维妮娅,回答我的问题，杀手。,"Answer my question, murderer.","Отвечайте на вопросы, киллер."
line-774,冷静的杀手,嘿，或许我可以依据刑法典第十四条，对非正规的讯问保持沉默。,Heh. Maybe I can invoke Article 14 of the penal code to remain silent under informal investigations.,"Хм, может, я могу ссылаться на 14-ю статью уголовного кодекса и хранить молчание при неформальном допросе?"
line-776,拉维妮娅,......你很熟悉法律。,...You're pretty familiar with the law.,...Вы хорошо знаете законы.
line-778,冷静的杀手,怎么，你想对我用第一百三十二条的特别处置权吗，法官？,"What, are you gonna use Article 132, the right of special dispensation, on me? Judge?","Что, хотите применить ко мне 132-ю статью об особых полномочиях, судья?"
line-780,拉维妮娅,你到底是谁？,Just who are you?,"Кто вы, чёрт возьми, такой?"
line-782,冷静的杀手,一个杀手。,Your average everyday murderer.,Киллер.
line-784,拉维妮娅,不，我想起来了......我见过你。,"I, I remember now... I've seen you before.","Нет, я вспомнила... я видела вас."
line-786,冷静的杀手,就在昨天的餐馆里，嗯？你救了那个倒霉的建设部小文员。,"Last night at the restaurant, no? You rescued that hapless clerk from il Ministero dei Lavori Pubblici.","Вчера в ресторане, м? Вы спасли того несчастного клерка из министерства."
line-788,拉维妮娅,三年前，在一场法律论坛上。索伦托市的博尔托洛蒂法官发表了异常精彩的演讲。,"It was three years ago, at a legal forum. Judge Bortolotti from the city of Sorrento gave a particularly outstanding speech.",Три года назад на юридическом форуме. Судья Бортолотти из Сорренто выступил с потрясающей речью.
line-790,冷静的杀手,......,......,...
line-792,拉维妮娅,法官先生，你的报告让我印象深刻。,"Signor, I was deeply impressed by your report.","Господин судья, ваш доклад произвёл на меня впечатление."
line-794,冷静的杀手,如今我靠杀人谋生，很轻松。你说的事情，我记不清了。,"Well, I just kill people for a living now. It's an easy life. What you're talking about, I can barely even remember anymore.","Теперь я зарабатываю убийствами, это просто. Не помню, о чём ты говоришь."
line-796,拉维妮娅,你不该是这样的人。,This isn't who you are.,Вы не должны быть таким человеком.
line-798,冷静的杀手,别自以为是了，拉维妮娅。你以为你了解我？从一个装点门面的法律论坛里的一次充满幻想的报告中？,"Stop acting so self-righteous, Lavinia. You really think you understand me? Just from a fantasy-filled report at a window-dressing legal forum?","Не воображай слишком много, Лавиния. Думаешь, ты меня знаешь? По одному докладу, полному фантазий, на показушном форуме?"
line-800,拉维妮娅,热忱是做不了假的。你当时说......,You can't hide true passion. That's what you said back then.,Энтузиазм невозможно подделать. Вы тогда сказали...
line-802,冷静的杀手,我当时只是说了些疯话，发了些幼稚的议论而已，所有的年轻人都这样，自以为自己能改变世界。,"Right, along with all the other naive, idealistic nonsense I rattled off. All young people are like that, thinking they can change the world all on their own.","Я тогда просто бредил и нёс детскую чушь, как и все молодые люди, думая, что способны изменить мир."
line-803,冷静的杀手,我只是清醒得比你早些，拉维妮娅。,"I just happened to wake up sooner than you, Lavinia.","Я просто протрезвел раньше тебя, Лавиния."
line-805,拉维妮娅,你说，“我们该寻找到那一条能保护任何人的底线”。,"You said, 'we should all strive to find the common line that can protect anyone.'","Вы сказали: «Мы должны найти ту черту, которая защитит каждого»."
line-807,冷静的杀手,比如说，成为家族成员，听好老板的话，把所有碍事的人都杀光。,"Yes, here's an example: join a famiglia, listen to the boss, and kill anyone who gets in your way.","Например: стать членом Семьи, слушаться босса и перебить всех, кто мешает."
line-809,拉维妮娅,博尔托洛蒂法官先生，我可以帮你。,"Judge Bortolotti, I can help you.","Господин судья Бортолотти, я могу вам помочь."
line-811,冷静的杀手,哈！帮我？！,Hah! Help me?!,Ха! Помочь мне?!
line-812,冷静的杀手,哦，对了，你有那个了不起的贝洛内撑腰。,"Oh, that's right. You have the great and powerful Bellones backing you.","О, точно, у вас же есть поддержка в лице великолепных Беллоне."
line-813,冷静的杀手,你不会失去自己的名誉与尊严，不会因为一时的天真而被囚禁殴打。你不会在回家的时候亲眼看到自己的房子连同家人在熊熊燃烧。,Your honor and dignity will stay untarnished. You won't get chained down or beaten up for a moment of naivete. You won't come home to the sight of your house going up in smoke along with your family.,"Вы не потеряете репутацию и достоинство, вас не будут бить в тюрьме за минутную наивность. Вы не увидите своими глазами, как ваш дом вместе с семьёй сгорает дотла."
line-814,冷静的杀手,你什么都不知道，拉维妮娅法官。,"You don't know a damn thing, Judge Lavinia.","Вы ничего не знаете, судья Лавиния."
line-815,冷静的杀手,你不明白你手中的那本法典到底有多重，重到会怎样毁灭你的生活。,"You have no idea how weighty the code you hold in your hand is, and how easily it can destroy your life.","Вы не понимаете, сколько весит тот кодекс в ваших руках. Он весит достаточно, чтобы разрушить вашу жизнь."
line-816,冷静的杀手,好在，你没有机会了。,"And luckily for you, you'll never have a chance to find out.","К счастью, у вас нет шансов."
line-823,书记员,拉维妮娅，小心！,"Watch out, Lavinia!","Лавиния, осторожно!"
line-834,拉维妮娅,怎......?,What...?,Что...?
line-849,德克萨斯,我们必须马上离开。,"We need to get out of here, now.",Мы должны уходить немедленно.
line-851,拉维妮娅,德克萨斯？,Texas?,Техас?
line-853,德克萨斯,他们的人很多，跟我来。,They've sent a ton of people. Come with me.,"Их слишком много, идите за мной."