ID,Character,Original Text,Reference,Translation
__translator__,,Translator,,nep0num
__language__,,Language,en_US,ru_RU
__episode__,,Episode ID,,act12d0
__chapter__,,Chapter Name,activities/act12d0/level_act12d0_01_end,高空坠物
,,,,
char-1,阿达克利斯人A,阿达克利斯人A,Archosauria A,Адаклис А
char-2,嘉维尔,嘉维尔,Gavial,Гавиал
char-3,阿达克利斯人B,阿达克利斯人B,Archosauria B,Адаклис B
char-4,Lancet-2,Lancet-2,Lancet-2,Ланцет-2
char-5,刻俄柏,刻俄柏,Ceobe,刻俄柏
char-6,凯尔希,凯尔希,Kal'tsit,Калтсит
char-7,煌,煌,Blaze,Блейз
char-8,？？？,？？？,???,???
char-9,特米米,特米米,Tomimi,特米米
char-10,阿达克利斯人,阿达克利斯人,Archosauria,阿达克利斯人
,,,,
line-19,阿达克利斯人A,*粗话*，好、好厉害。,Cue. Titecuani! She... she's something.,"*Ругательство*, си... сильна."
line-22,嘉维尔,哎呀，你们还挺厉害的嘛，可惜撞上了我嘉维尔。,"Whaddaya know, you guys are pretty strong! Shame you had to run into me, Gavial!","Ого, а вы не промах, но вам не повезло наткнуться на меня, Гавиал."
line-24,阿达克利斯人B,等、等等，你说你叫什么？,"Wait... wait, what did you say your name was?","По-погоди, как ты сказала тебя зовут?"
line-26,嘉维尔,嘉维尔啊。,Ga-vi-al!,Гавиал.
line-28,阿达克利斯人A,嘉维尔？！,Gavial?!,Гавиал?!
line-30,阿达克利斯人B,仔细一看，这张脸，这头发，你不是嘉维尔吗！,"Wait! Look close! That face, that hair! You're Gavial, aren't you?!","Если присмотреться... это лицо, эти волосы... Да ты же Гавиал!"
line-32,嘉维尔,我不是说了我是嘉维尔吗！,I feel like I just said I was!,"Я же сказала, что я Гавиал!"
line-34,阿达克利斯人A,噫，是嘉维尔，嘉维尔回来了！弟兄们，走，快去告诉森蚺族长！,"It-It's Gavial! Gavial's back! Brothers! Go, hurry! Tell Clan Leader Eunectes!","Ого, это Гавиал, Гавиал вернулась! Ребята, идем, нужно скорее рассказать вождю Сэньжань!"
line-40,嘉维尔,嗯？森蚺？喂，给我等等！,What? Eunectes? Hey! Get back here!,"М-м? Сэньжань? Эй, стойте!"
line-41,嘉维尔,啧，跑掉了。,Tch. Ran off.,"Цыц, сбежали."
line-48,Lancet-2,太好了，你们再来晚一点，我就要被它们抢走了。,"Thank goodness! If you'd been just a little later, they would've taken me.","Как хорошо. Опоздай вы хоть на минуту, и они бы меня забрали."
line-50,嘉维尔,驾驶的家伙呢，叫什么来着，哦对，迪伦，迪伦呢？,"Where's our pilot guy? Uh, his name, uh, Dylan! Where's Dylan?","А где пилот? Как его там... а, точно, Дилан. Где Дилан?"
line-52,Lancet-2,迪伦刚才想要反抗这群阿达克利斯人被他们打昏了。,He tried to fight some of the Archosauria in the middle of it all. They knocked him out.,"Дилан пытался сопротивляться этим адаклисам, и они его вырубили."
line-54,刻俄柏,啊，嘉维尔，迪伦在这里！,"Oh! Gavial, I found Dylan here!","О, Гавиал, Дилан здесь!"
line-56,嘉维尔,好，把他拖过来吧，我来看看伤势。,Good. Drag him over. I'll take a look at the damage.,"Хорошо, тащи его сюда, я осмотрю раны."
line-58,刻俄柏,喔。,Okay!,Ага.
line-60,嘉维尔,对了，Lancet-2，你应该会修这个飞行器吧？,"Say, Lancet-2, you can fix this aircraft, right?","Кстати, Ланцет-2, ты ведь сможешь починить этот летательный аппарат?"
line-62,Lancet-2,是的，在出发前，可露希尔为我录入了大量飞行器相关的知识。,Yes! Closure input lots of aircraft knowledge into me before we left.,Да. Перед отъездом Кложур загрузила в меня большой объем данных по обслуживанию летательных аппаратов.
line-63,Lancet-2,原本在成功迫降后，依靠维修工具应该是能完成维修的。,"In principle, following a successful emergency landing, the tools provided should be sufficient for a repair.","Изначально, после успешной аварийной посадки, я могла бы завершить ремонт с помощью инструментов."
line-64,Lancet-2,但是......,Only...,Но...
line-66,嘉维尔,小刻，我让你把他拖过来，不是让你真的用拖的。,"Kay, I asked you to drag him over, not to LITERALLY drag him over.","Кеобе, я сказала притащить его, а не тащить волоком по земле."
line-68,刻俄柏,喔，对不起。,Oh. Sorry.,"Ой, прости."
line-70,嘉维尔,......看起来对面也没下死手，嗯？看不出来，这家伙内裤挺花哨......咳，估计躺半天就自己醒了。,"...Looks like they didn't get any kills on us, huh? Wow, who knew this guy's underwear would be so gaudy... heh. Yeah, let him have his beauty sleep and he'll wake himself up.","...Похоже, они не собирались его убивать. Хм? А у парня-то трусы в цветочек... Кхм. Наверное, полежит полдня и сам очнется."
line-72,嘉维尔,然后，Lancet-2，你说什么但是？,"Lancet-2, you were saying? Only what?","Так, Ланцет-2, что там за «но»?"
line-74,Lancet-2,但是刚才那群阿达克利斯人，把引擎抢走了。,"Only, the Archosauria we just met stole the engine.",Но те адаклисы только что украли двигатель.
line-76,嘉维尔,哈？引擎？,Hah? The engine?,Ха? Двигатель?
line-78,Lancet-2,是的，在他们发现我之前，我在舱内看到他们首先找到了飞行器的引擎并直接把它拆了下来并带走了。,"Correct. Before they noticed me, I sighted them from the deck. They found the aircraft's engine, pulled it out, and carried it away with them.","Да. Пока они меня не заметили, я видела из кабины, как они первым делом нашли двигатель, демонтировали его и унесли с собой."
line-79,Lancet-2,你们来看这边。,Come see for yourself.,Посмотрите сюда.
line-86,嘉维尔,喔，真的有个洞欸。虽然我不太懂这东西，不过应该是飞不起来了？,"Hoo, boy. Yeah, that's a hole. I don't really get how these things actually work, but, uh, I'm guessing this means it won't fly now?","Ого, и правда дыра. Я в этом не особо разбираюсь, но теперь-то мы не взлетим?"
line-88,Lancet-2,嗯，飞不起来了呢。,"Yes, it won't fly now.","Да, летать он больше не может."
line-90,嘉维尔,嗯？博士，你的脸色不太好。,"Oh? Doctor, you don't look too good.","М-м? Доктор, на вас лица нет."
line-91,,这下麻烦了。;......;要被凯尔希杀了！,None of this looks too good.;......;Kal'tsit's gonna kill me!,Это проблема.;...;Калтсит меня убьет!
line-98,,一段时间以前,A short while back,Некоторое время назад
line-101,凯尔希,信？,A letter?,Письмо?
line-103,嘉维尔,对，从我老家寄来的，家乡那边又要举行“玛维索提亚”了。,Yeah. From my homeland. They're holding the Mahuizzotia again soon.,"Да, из моих родных краев. Там снова собираются проводить «Мависотию»."
line-105,凯尔希,“玛维索提亚”，力量与荣耀？,'Mahuizzotia.' Strength and honor?,«Мависотия»? Сила и честь?
line-107,嘉维尔,这你都知道？这是我老家选举大酋长的祭典用的名字。,"Huh, you know it? Yeah, it's what they call the ceremony where they choose the next Great Chief.","Ты и это знаешь? Это название фестиваля, на котором у меня на родине выбирают великого вождя."
line-109,凯尔希,我已经有相当一段时间没有听人使用这种语言了。,I haven't heard anyone use that language in a long time.,"Я уже довольно давно не слышала, чтобы кто-то использовал этот язык."
line-110,凯尔希,不过，我记得你是背井离乡来到罗德岛的。,"As I recall, though, you left your homeland and then came to Rhodes Island.","Впрочем, я помню, что ты покинула родной дом, чтобы прийти в Родос Айленд."
line-112,嘉维尔,是啊，不过还有一个小妹妹和我有联络，这封信就是她寄来的。,"Yeah, but there’s this li’l kid I knew who still keeps in touch with me. She’s the one who sent the letter.","Да, но я поддерживаю связь с одной младшей сестренкой, это письмо от нее."
line-114,凯尔希,我记得你说过，你是因为被排挤而离开的，那么选举酋长应当与你无关。,"I also recall you saying that you left because you were ostracized. If so, the election of the chief shouldn't concern you at all.","Если мне не изменяет память, ты говорила, что ушла из-за того, что тебя вытеснили. Значит, выборы вождя не должны тебя касаться."
line-116,嘉维尔,是啊，我也不是回去做大酋长的，只是小姑娘好像很想让我回去的样子，我也有确实有一阵子没有回去了......,"Yeah... hell, no, I'm not going out to be the next Great Chieftain. Just, the brat seems like she really wants me to come back for a bit, and I haven't been back in a bit, and...","Верно, я и не собираюсь становиться великим вождем. Просто девчушка очень просила меня вернуться, да и я сама давно там не была..."
line-118,凯尔希,想家了？,Homesickness?,Скучаешь по дому?
line-120,嘉维尔,有一点吧。,"Maybe a little, yeah.",Есть немного.
line-122,凯尔希,那么，为什么要带上Dr.{@nickname}，从生物学的角度来说，他没有其实是你同族的可能性。,"And why are you requesting to bring Dr. {@nickname}? From a biological standpoint, the Doctor couldn't pass for one of you.","В таком случае, зачем брать с собой доктора {@nickname}? С биологической точки зрения нет никакой вероятности, что он твой соплеменник."
line-124,嘉维尔,博士也努力了这么久，我想着带他去放松一下。,"The Doctor's been working so hard, y'know? I figured it'd be a nice little vacation.","Доктор так долго и усердно работал, вот я и подумала, что стоит взять его с собой развеяться."
line-126,凯尔希,那么飞行器使用申请书又是怎么回事，煌？,"And what was the purpose of this aircraft requisition form, Blaze?","А как тогда понимать заявку на использование летательного аппарата, Блейз?"
line-128,煌,是因为嘉维尔老家在萨尔贡的无人区，靠走的实在太远了！,Gavial's old place is way out in the middle of nowhere Sargon! Who'd walk that far?,"Это потому, что родные края Гавиал находятся в диких землях Саргона. Пешком туда добираться слишком далеко!"
line-130,凯尔希,所以冒着被萨尔贡官方发现的风险，你们想要用近地飞行器代步。,"So instead of walking, you want to use a low-altitude aircraft and risk detection by the Sargon authorities.","И поэтому вы решили рискнуть быть обнаруженными властями Саргона, используя низковысотный летательный аппарат в качестве транспорта."
line-132,煌,呃，不是！我们看过地图了，嘉维尔的老家在萨尔贡境内的一片巨大无人区，从我们搜集的情报来看，萨尔贡官方在那里没有安插任何力量。,"Wait, lemme explain! When I say nowhere, I mean we looked at the maps and Gavial's is one of the lest densely populated regions of Sargon. From the intel we've gathered, Sargon doesn't even station any forces there.","Э-э, нет! Мы смотрели карты. Родина Гавиал — это огромная необитаемая зона в Саргоне. Судя по нашим разведданным, у властей Саргона там нет никаких сил."
line-134,凯尔希,那一片区域确实只在名义上属于萨尔贡的国土，功课做得不错。,You're correct that the region is Sargon's in name only. You've done your homework.,Та область действительно принадлежит Саргону лишь номинально. Хорошая работа с информацией.
line-135,凯尔希,那么，既然你们都计划好了，还来问我干什么？,"And now, seeing as you've made all your plans, why have you come to me?","Раз уж вы всё распланировали, зачем пришли ко мне?"
line-137,煌,因、因为申请书要过您的手......,B-Because any and all paperwork passes through you...,П-потому что заявка должна пройти через вас...
line-139,凯尔希,......,......,......
line-141,嘉维尔,行不行啊，凯尔希，不行就算了。,"Are we good or not, Kal'tsit? If not, we'll forget it and move on.","Так что, Калтсит, разрешишь? Если нет, то и ладно."
line-143,煌,（小声）博士，要不还是算了，凯尔希肯定不会同意的......,"(Quietly) Doctor, maybe we should just call it off. There's no way Kal'tsit's gonna agree...","(Шепотом) Доктор, может, забудем об этом? Калтсит ни за что не согласится..."
line-145,凯尔希,可以，我批准了。,Fine. I've approved it.,"Хорошо, я одобряю."
line-148,煌,真的吗？！,Seriously?!,Правда?!
line-150,凯尔希,嘉维尔，你从没好好向我们介绍过你的家乡。,"Gavial, you've never properly introduced us to your hometown before.","Гавиал, ты никогда толком не рассказывала нам о своей родине."
line-151,凯尔希,而作为罗德岛不可或缺的一员，既然你主动提出，我认为为此付出一次Dr.{@nickname}和一名精英干员的假期不算什么。,"And considering your standing as a core member of Rhodes Island, and the initiative you showed in making this proposal, we can afford to grant Dr. {@nickname} this leave, given accompaniment by an elite operator.","Поскольку ты являешься незаменимым сотрудником Родос Айленда и сама выступила с этой инициативой, я полагаю, что отпуск доктора {@nickname} и одного элитного оперативника — небольшая цена за это."
line-153,煌,太好了！,That's what I like to hear!,Отлично!
line-155,凯尔希,以及，我会把这次行动视作一次实地考察，你们可以自由挑选空闲的干员。,"Further, I will treat this operation as an on-site field investigation. You may freely select any off-duty operators.","Кроме того, я расценю это как полевое исследование. Вы вольны выбирать любых свободных оперативников."
line-161,凯尔希,阿米娅最近很忙，如果她想去，我不会允许，你自己去告诉她这件事。,"Amiya has been very busy as of late. She is not allowed to go, whether she wants to or not. You will have to tell her this yourself.","Амия сейчас очень занята. Даже если она захочет пойти, я не позволю. Сообщи ей об этом сама."
line-162,凯尔希,那里无论如何依然是萨尔贡的境内，罗德岛在萨尔贡设立的办事处很少，不要引起不必要的麻烦，无论是对你的，还是对罗德岛的。,"Keep in mind that you are technically entering Sargon territory. Rhodes Island has very few offices in Sargon. Don't make trouble for yourselves, or for Rhodes Island.","В любом случае, это территория Саргона, а у Родос Айленда там мало представительств. Не создавай ненужных проблем ни для себя, ни для организации."
line-163,凯尔希,以及，近地飞行器即使在罗德岛也是非常珍贵的交通工具。萨尔贡境内环境恶劣，希望你能完好无损地把它带回来，Dr.{@nickname}。,"Further, Rhodes Island's low-altitude aircraft are tremendously important to us, and Sargon is a rough environment. I trust you to bring the vehicle back safe and sound, Dr. {@nickname}.","И еще: низковысотные летательные аппараты — очень ценный транспорт даже для Родос Айленда. Условия в Саргоне суровые, так что я надеюсь, вы вернете его в целости и сохранности, доктор {@nickname}."
line-170,嘉维尔,哦，这么一说，确实有这么一回事。,"Ohhh. Now that you mention it, yeah, that sounds about right.","О, теперь припоминаю, так всё и было."
line-171,嘉维尔,哎，别紧张，博士，这里是我老家，我熟得很。Lancet-2，只要找到刚才那群崽子，把引擎抢回来就行了吧？,"Hey, relax, Doctor! This is my homeland. I know it like the back of my hand. Lancet-2, we've just gotta find the kiddos who stole the engine and steal it right back, yeah?","Да ладно тебе, Доктор, не нервничай. Это мои родные края, я тут всё знаю. Ланцет-2, нам ведь просто нужно найти тех паршивцев и забрать двигатель, верно?"
line-173,Lancet-2,嗯......对方似乎懂一些机械技术，引擎被拆卸的过程中没有对其他部分造成很大破坏。,"Yes... They definitely seemed to have some understanding of technology, at least. They hardly damaged anything else in the removal process.","М-м... Похоже, они немного разбираются в технике. При демонтаже двигателя остальные части не сильно пострадали."
line-174,Lancet-2,如果能找到引擎的话，我应该能够指导各位把它装回去。,"In the event we do get the engine back, I should be able to guide you through reinstallation.","Если мы найдем двигатель, я смогу проинструктировать вас, как установить его обратно."
line-175,Lancet-2,以及，现在我需要做一些紧急维护防止它爆炸，大家请等我一下。,"On that note, there's some emergency maintenance I must carry out before any of this ends up exploding. Please hold...","А сейчас мне нужно провести экстренное обслуживание, чтобы избежать взрыва. Пожалуйста, подождите немного."
line-177,嘉维尔,啊？懂机械？我以前可没听说过有这样的人，我们都是用拳头说话的。,Huh? Them? Technology? First I've heard of any of us getting along with technology. We're all knuckleheads by nature.,А? Разбираются в технике? Никогда раньше не слышала о таких людях у нас. Мы обычно кулаками всё решаем.
line-179,Lancet-2,虽说是懂机械，其实也只是学会了拔管道和插线而已啦。,"Specifically, only enough to know how to pull out the pipes and cables, but...","Хотя я и сказала «разбираются», на самом деле они просто научились выдергивать шланги и вставлять провода."
line-181,嘉维尔,......哦，不对，既然是她的手下......,"...Wait, hold on. I bet if they're her minions...","...О, погоди, раз это её люди..."
line-183,刻俄柏,嘉维尔，我饿了！,"Gavial, I'm hungry!","Гавиал, я проголодалась!"
line-185,嘉维尔,飞行器上的食物储备应该没有出问题吧?,"All our food reserves should be fine, right?",Запасы еды в аппарате ведь не пострадали?
line-187,Lancet-2,嗯，应该是没有问题的。,"They should be fine, yes.","Думаю, с ними всё в порядке."
line-188,Lancet-2,但是迫降过程中有些功能损坏了，现在储藏室是封闭的，我需要一些时间来重新解锁它。,But some systems were damaged by the emergency landing. The storage compartment is currently sealed. I'll need some time to unlock it again...,"Однако при посадке некоторые функции вышли из строя, и сейчас хранилище заблокировано. Мне нужно время, чтобы его открыть."
line-190,嘉维尔,那小刻你再等一等。,"Hang in there a little longer, then, Kay.","Тогда, Кеобе, подожди еще немного."
line-192,刻俄柏,可是我现在好饿！,But I'm hungry nowww!,Но я хочу есть прямо сейчас!
line-194,嘉维尔,好吧，那我们先......,"Fine, then. Let's go and...","Ладно, тогда мы сначала..."
line-197,？？？,嘉——维——尔——！,Gaaaaviiiiaaaaal!,Га-ви-а-а-ал!
line-199,嘉维尔,嗯？这个声音......糟了。,"Huh? Oh, crud. I know that voice.",М-м? Этот голос... дело дрянь.
line-202,？？？,哇，是嘉维尔，真的是嘉维尔！,"Wow, Gavial! You're actually here!","Ой, это Гавиал! Правда Гавиал!"
line-207,？？？,嘉维尔，你留了长发！,"Gavial, your hair's gotten long!","Гавиал, ты отрастила длинные волосы!"
line-208,？？？,嘉维尔，你的衣服好好看！,"Gavial, your clothes look really good!","Гавиал, у тебя такая красивая одежда!"
line-209,？？？,嘉维尔，你怎么拿了武器，而且这把武器看起来不像打人的！,"Gavial, you have a weapon now! How come? It doesn't look very good for hitting people!","Гавиал, почему у тебя оружие? И выглядит оно совсем не так, будто им собираются кого-то бить!"
line-212,嘉维尔,呃，特米米，是我没错，总之，你先松开我。,"Gurgh! Yes, Tomimi, it's me, you're not imagining it. Just let go of me first!","Э-э, Томими, это я. В общем, для начала отпусти меня."
line-214,特米米,嗯！,Okay!,Угу!
line-215,特米米,嘉维尔，你在外面吃得好吗？,"Gavial, have you been eating okay out there?","Гавиал, ты хорошо там питалась?"
line-216,特米米,你真的成为医生了吗？,Did you really become a doctor?,Ты и правда стала врачом?
line-218,嘉维尔,......唉，你怎么在这里，特米米？,"...*Sigh* What are you doing here, Tomimi?","...Эх, Томими, что ты здесь делаешь?"
line-220,特米米,那个，我看到天上有个东西掉下来，就过来看一看，结果就看到你了！,"So I saw a thing fall out of the sky, and I went to see what it was, and then I saw you!","Ну, я увидела, как что-то упало с неба, и пришла посмотреть, а тут ты!"
line-221,特米米,对了，你的病治好了吗？我看书上说外面对得了石头病的人很不好，你没事吧？,"Oh, is your disease thing better yet? I read that people outside can get Stone Disease really bad. Are you okay?","Кстати, ты вылечилась? В книгах пишут, что во внешнем мире к больным каменной болезнью плохо относятся. С тобой всё в порядке?"
line-223,嘉维尔,没事没事，我好得很。,"I'm fine, I'm fine. Never better.","Всё в порядке, я отлично себя чувствую."
line-225,阿达克利斯人,嘉维尔，你可算回来了！,Gavial! You're really back!,"Гавиал, наконец-то ты вернулась!"
line-227,阿达克利斯人,看到你没事我就放心了啊，嘉维尔！,"It's good to see you alive and well after all, Gavial!","Я так рад видеть, что ты в порядке, Гавиал!"
line-229,阿达克利斯人,果然还是要你来当大酋长才行啊！,"No mistake, you need to be our next Great Chief!",Всё-таки именно ты должна стать великим вождем!
line-231,嘉维尔,做梦去吧，我只是请假回来看看的。,Dream on. I'm only on leave. Came back to see how things are going.,"Мечтать не вредно. Я просто в отпуске, зашла проведать."
line-232,,嘉维尔，你不是说你是被排挤才离开家乡？,"Gavial, didn't you say you were ostracized from your tribe?","Гавиал, разве ты не говорила, что покинула родину, потому что тебя вытеснили?"
line-235,嘉维尔,对啊，怎么了？,Yeah. Why?,"Ну да, а что?"
line-237,特米米,嘉维尔，这、这个人是？,"Gavial, who-who is this person?","Гавиал, к-кто это?"
line-239,嘉维尔,嗯？特米米，你说的是萨尔贡语？还挺流利的。,"Huh? Tomimi, you can speak standard Sargonian now? Pretty fluently too.","Хм? Томими, ты говоришь на саргонском? Довольно бегло."
line-241,特米米,嗯，为了能和嘉维尔交流，我特地学的！,"Yep! I learned it just so I could speak with you, Gavial!","Да, я специально выучила его, чтобы общаться с тобой!"
line-243,嘉维尔,好吧，这样以后我就用萨尔贡语和你写信好了。,"Not bad. I guess I'll write to you in Sargonian from now on, then.","Хорошо, тогда я буду писать тебе письма на саргонском."
line-245,特米米,......嘉维尔，所以这些人都是谁？,"...So, um, Gavial, who are all these people?","...Гавиал, так кто все эти люди?"
line-247,嘉维尔,哦，这个人是Dr.{@nickname}，你可以叫博士，应该算作我的上司吧。,"Oh, this one's Dr. {@nickname}. Doctor, for short. Counts as my boss, I guess?","О, это доктор {@nickname}, можешь звать его Доктором. Он вроде как мой начальник."
line-248,嘉维尔,其他人么，都算是我的同事了。,And then the rest are all friends from work.,А остальные — мои коллеги.
line-250,特米米,上司......难道你比嘉维尔还要厉害？,Gavial's boss... are you actually stronger than her?,Начальник... Неужели вы сильнее Гавиал?
line-251,,没有。;......;我比嘉维尔厉害多了！,"No.;......;Yeah, way stronger!",Нет.;...;Я куда сильнее Гавиал!
line-254,特米米,那你为什么会是嘉维尔的上司呢？,"So how'd you get to be Gavial's boss, then?",Тогда почему вы её начальник?
line-257,特米米,嘉维尔，这个人看上去很弱的样子。,"Gavial, this one looks pretty weak to me.","Гавиал, этот человек выглядит очень слабым."
line-261,特米米,不可能！,No way!,Невозможно!
line-264,嘉维尔,比起这个，特米米，我们飞行器在坠毁后引擎被抢了，是祖玛玛的人，她现在也有手下了？,"I've got bigger problems, Tomimi. Zumama's people stole our aircraft engine after the crash. She's got minions now?","Послушай, Томими, после крушения у нас украли двигатель. Это были люди Зумамы. У неё теперь есть свои подчиненные?"
line-267,特米米,飞行器引擎是什么呀，和那些发动机什么的一样吗？等下......欸？祖玛玛？,"What's an aircraft engine? Is it like one of those motory things? Wait, um... huh? Zumama?",А что такое двигатель? Это как те моторы? Погоди... А? Зумама?
line-269,嘉维尔,怎么了？,What about her?,Что такое?
line-271,特米米,啊，嗯，祖玛玛她现在是一个部族的酋长呢，这次大酋长很多人都觉得肯定是她了。,"Ah, um, Zumama's the chief of a tribe now. There's a lot of people who think she'll be the next Great Chief, too.","А, ну, Зумама теперь вождь племени. Многие думают, что в этот раз великим вождем станет именно она."
line-273,嘉维尔,喔——这么说的话，说不定把我们轰下来的也是他们呢，也只有那家伙会钻研各种奇奇怪怪的武器了。,"Aah... So that's how it is. Could've been her crew that took us down, too. She's the only one who was into those weird wacky gizmo weapons in the first place.","О-о... В таком случае, может, это они нас и сбили. Только она любит возиться со всяким странным оружием."
line-275,特米米,......嗯，嗯！如果你要找祖玛玛的话，祭典明天就要开始了，所有想要竞争酋长的人都在向神庙聚集，祖玛玛一定也会去。,"...Yeah, yeah! If you wanna find Zumama, the ceremony's starting tomorrow, and every aspiring Chief is gonna be at the Temple. Zumama'll be there for sure.","...Да, точно! Если ты ищешь Зумаму, то завтра начинается фестиваль. Все претенденты на роль вождя собираются у храма. Зумама наверняка будет там."
line-277,嘉维尔,也就是说去那里就能找到她吗，哈，好极了！,"So all we gotta do to find her is head there, huh? Ha! Perfect.","Значит, там мы её и найдем. Ха, отлично!"
line-278,嘉维尔,而且你这丫头不也说想要竞争酋长，就让我看看你这几年有什么长进吧！,"Hey, didn't you say your cute little noggin wanted to compete for it too? Go on, show me how far you've come in all these years!","И раз уж ты, девчонка, тоже метишь в вожди, посмотрим, чему ты научилась за эти годы!"
line-280,特米米,（小声）其实我还是想让嘉维尔你当酋长啊。,"(Quietly) I still want you to be the Chief, Gavial.","(Шепотом) Вообще-то я хочу, чтобы вождем стала ты, Гавиал."
line-282,嘉维尔,嗯？你说什么？,Huh? Whawazzat?,М-м? Что ты сказала?
line-284,特米米,没、没什么！,N-Nothing!,Н-ничего!
line-285,,......,......,......
line-288,Lancet-2,博士，紧急维护已经完成了，我们要出发了吗？,"Doctor, emergency maintenance has been completed. Are we setting off now?","Доктор, экстренное обслуживание завершено. Мы выдвигаемся?"
line-290,嘉维尔,辛苦你了，Lancet-2，没错，接下来我们要去神庙。,"Nice work, Lancet-2. Yeah, we're heading to the Temple next.","Спасибо за работу, Ланцет-2. Верно, дальше мы идем к храму."
line-293,特米米,哇啊！机器说话了！,Wowww! The machine talks!,Ой! Железяка разговаривает!
line-295,Lancet-2,虽然有过心理准备，但总是这样的反应还是稍微有些伤人呢，虽然我不是人......,"I like to think I'm ready for it, but it still hurts my heart a little whenever I get that sort of reaction. Not that I technically have a heart...","Я была к этому готова, но такая реакция всё равно немного обидна... хоть я и не человек."
line-297,嘉维尔,现在飞行器不会爆炸了吧？,"Aircraft won't explode now, right?",Теперь аппарат не взорвется?
line-299,Lancet-2,嗯，但是就这样把它晾在这里也不是办法呢......,"It won't, but it's not exactly ideal to just leave it here...","Нет, но оставлять его вот так — не лучший выход..."
line-301,嘉维尔,这倒也是，我可不想被凯尔希瞪眼。,"Yeah, true. I don't want Kal'tsit giving me the death stare either.","Это верно. Не хочу, чтобы Калтсит на меня косо смотрела."
line-303,特米米,那、那个，我可以分出我的人把它拖回我的部族去，这样你们应该放心了吧？,"I-If I send, um, some of my people out to take it back to my tribe, would that help?","Я... я могу выделить людей, чтобы они оттащили его в моё племя. Так вам будет спокойнее?"
line-305,嘉维尔,你的部族？嗯？这么说来，刚才都没发现，你这丫头，难道也成了一个族长？,"Your tribe? Huh? Hell, I didn't realize. So our little girl's a full-grown clan leader now, huh?","Твоё племя? М-м? Кстати говоря, я и не заметила... Ты что, тоже стала вождем?"
line-307,特米米,嗯！其实就是嘉维尔以前的部族哦。,"Yes! It actually used to be your tribe, Gavial.","Да! Вообще-то, это прежнее племя Гавиал."
line-309,嘉维尔,哦，难怪我看到几个熟面孔......,"Well, damn. No wonder I recognized a couple of faces...","О, то-то я вижу знакомые лица..."
line-311,特米米,对了，嘉维尔，现在部族改名了哦，从“荒野意志”改名叫“嘉维尔意志”！,"Oh, also! Gavial, we changed the tribe's name now! 'Wilderness's Will' is now 'Gavial's Will'!","Кстати, Гавиал, племя сменило название. Раньше было «Воля диких земель», а теперь — «Воля Гавиал»!"
line-313,嘉维尔,哈？,Hah?,Чего?
line-315,特米米,因为我们都觉得嘉维尔是最棒的！,"Because we all think you're the best, Gavial!","Потому что мы все считаем, что Гавиал — лучшая!"
line-317,嘉维尔,呃，咳咳，总之，那就交给你了。,"Uh—*cough* *cough*—okay, whatever. I'll leave you to it.","Э-э, кхм... В общем, поручаю это тебе."
line-319,特米米,小的们，听到了吗？,Did everyone get that?,"Парни, вы слышали?"
line-322,阿达克利斯人,噢！,Yeah!,Да!
line-325,Lancet-2,啊，这样的话，我和迪伦先生一起跟着飞行器好了。,"Ah, in that case, I think Mr. Dylan and I will stay with the aircraft.","А, раз так, я останусь с аппаратом вместе с мистером Диланом."
line-326,Lancet-2,接下来博士你们似乎要去人很多的地方，感觉我一起去会很麻烦呢。,I understand you're going to meet a large number of people. I would only cause problems if I went.,"Похоже, вы с Доктором направляетесь туда, где будет много народу. Моё присутствие может вызвать лишние сложности."
line-327,Lancet-2,而且飞行器也需要有人维护。,And the aircraft does need guarding.,"К тому же, за аппаратом нужно присматривать."
line-329,嘉维尔,啥，你不去看祭典吗？可好看了。,What? You're not gonna go see the ceremony? It's a hell of a treat.,"Что, не пойдешь на фестиваль? Там будет на что посмотреть."
line-331,Lancet-2,没关系的，我也更加喜欢安静一点。,"Don't worry about it. I prefer the quieter side of things, anyway.","Всё в порядке, я больше люблю тишину."
line-333,嘉维尔,好吧，既然这样，那就只有我和博士还有小刻去祭典了。,"Suit yourself. I guess it'll be just me, the Doctor, and, uh, Kay going, then.","Ну ладно. Тогда на фестиваль пойдем только я, Доктор и Кеобе."
line-335,特米米,还有我！我也带一些小弟和你一起！,And me! And I'll bring some of my people with us too!,И я! Я тоже пойду с тобой и возьму несколько ребят!
line-336,,出发！;......;小刻呢？,Off we go!;......;What about Kay?,В путь!;...;А где Кеобе?
line-339,Lancet-2,等一等，博士，小刻呢？,"Please wait a moment, Doctor. What about Kay?","Подождите, Доктор, а где Кеобе?"
line-342,嘉维尔,博士，你怎么了？,"What's up, Doctor?","Доктор, что с вами?"
line-346,嘉维尔,嗯？等等，小刻哪儿去了？！,Hm? Wait up. Where'd Kay go?!,"М-м? Погодите, а куда делась Кеобе?!"
line-349,嘉维尔,咦，对啊，刚才还在的，这孩子跑哪儿去了？,"Oh, huh. You're right, she was just here. Where'd that little rascal run off to?","Ой, и правда. Только что ведь была здесь. Куда она убежала?"
line-352,阿达克利斯人,你们说的小刻，难道是那边那个有点神叨叨的家伙？,"When you say Kay, do you mean the one jabbering away over there like she's half-possessed?",Эта ваша Кеобе... не та ли чудная девчонка вон там?
line-360,刻俄柏,不会让你们伤害博士的，整合运动！,"I'm not gonna let you hurt the Doctor, Reunion!","Я не позволю вам навредить Доктору, Реюньон!"
line-363,刻俄柏,咿呀！竟敢抢我的蜜饼！不要跑！,Nooo! Don't steal my honey biscuits! Get back here!,И-я! Как ты смеешь воровать мои медовые пряники! Не убегай!
line-370,Lancet-2,小刻一个人在那里和空气战斗的样子......唔，这难道是中毒导致的错觉？,"Kay appears to be fighting the air... Um, this could be a case of poison-induced hallucination.","Кеобе сражается с воздухом... Хм, неужели это галлюцинации от отравления?"
line-372,嘉维尔,哦！完蛋！忘记说了！这一带路边有不少野生的蘑菇和果实，里面大半是不能吃的，吃了就会变成那样。,"Oh! Shit! I forgot to warn you! There's a hell of a lot of mushrooms and fruits growing wild along the road here, and more than most of them you can't eat. If you do, you end up like that.","Ой! Проклятье! Забыла сказать! Вдоль дорог здесь растет полно диких грибов и ягод, и большинство из них ядовитые. Если их съесть, будет вот такое."
line-373,嘉维尔,忘了这孩子比我还野，大概是趁我们聊天的时候出去转了一圈吃掉的吧。,Forgot the kid was even wilder than me. I bet she snuck off while we were busy talking and helped herself to the buffet.,"Забыла, что эта девчонка еще более дикая, чем я. Наверное, пока мы болтали, она успела где-то перекусить."
line-374,嘉维尔,呃，总之，把她绑起来，Lancet-2你们一起带回去吧，过一阵子应该就好了。,"Uh, damn it. Okay. Go tie her up and take her back with you, Lancet-2. She'll be fine after a while, probably.","Э-э, в общем, свяжите её. Ланцет-2, забирайте её с собой. Скоро должно пройти."
line-376,Lancet-2,交给我吧~,Leave it to me~,Предоставьте это мне~
line-377,Lancet-2,以及，友情提醒，周边的气温比较高，而且这种环境通常昼夜温差较大，不要忘记带足补给哦。,"Oh, one last friendly reminder. Our surroundings are quite hot, but such environments are prone to drastic nighttime temperature swings. Please bring the necessary supplies with you.","И еще, дружеское напоминание: температура воздуха высокая, а в таких условиях обычно большой перепад между днем и ночью. Не забудьте взять достаточно припасов."
line-379,嘉维尔,哦，没错，博士，还有特米米，你们去飞行器里多拿点补给。,"Oh, nice catch. Doctor, Tomimi, you two make sure you grab what you need from the aircraft.","О, точно. Доктор, Томими, сходите к аппарату и возьмите побольше припасов."
line-380,嘉维尔,从这里到神庙可有好一段路，而且雨林里也没有像样的地方睡觉，要做好露宿的准备啊。,"It's a long way to the Temple from here, and the rainforest won't have anywhere decent to sleep. Get ready to spend the night in the open.","Путь до храма неблизкий, а в джунглях нет подходящих мест для ночлега. Готовьтесь спать под открытым небом."