ID,Character,Original Text,Reference,Translation
__translator__,,Translator,,nep0num
__language__,,Language,en_US,ru_RU
__episode__,,Episode ID,,act26side
__chapter__,,Chapter Name,activities/act26side/level_act26side_05_end,主在圣殿中
,,,,
char-1,修道院主教,修道院主教,Abbot,Настоятель монастыря
char-2,？？？,？？？,???,？？？
char-3,杰拉尔德,杰拉尔德,Gerald,Джеральд
char-4,费德里科,费德里科,Federico,Федерико
char-5,扭曲的怪物,扭曲的怪物,Twisted Monster,Искажённый монстр
char-6,艾伦戴尔,艾伦戴尔,Erendel,Эллендейл
char-7,艾丝塔拉,艾丝塔拉,Estara,Эстара
char-8,“扭曲的怪物”,“扭曲的怪物”,'Twisted Monster',«Искажённый монстр»
char-9,里凯莱,里凯莱,Richele,Рикайле
char-10,克莱芒,克莱芒,Clément,Клеман
char-11,莱蒙德,莱蒙德,Raimund,Раймонд
char-12,赫曼,赫曼,Hyman,Герман
,,,,
line-9,,在拉特兰时，我是很少祷告的。,I rarely prayed when I was in Laterano.,"Когда я жил в Латерано, я молился довольно редко."
line-10,,当然，这并不是说那个时期我的信仰有瑕，或是说相较现在我更自大懒惰，我也没法证明现在的我更加笃信，更谦逊勤勉。,"This is not to say that my faith was flawed then, or that I was more arrogant or lazier than I am now. Nor can I prove that I am more devout, humble or diligent now.","Конечно, это не означает, что в те времена моя вера была порочной, или что тогда я был высокомернее и ленивее, чем сейчас. Да и я не могу доказать, что сейчас я верю сильнее или что я стал смиреннее и прилежнее."
line-11,,只不过是尚在拉特兰时，受到当时环境的影响，我认为许多事是没有必要的。,"Because of the environment, though, there were many things that I thought were not necessary when I was in Laterano.","Просто, пока я был в Латерано, под влиянием тамошней среды я считал многие вещи излишними."
line-12,,在拉特兰，所有为人所追寻的东西就在那里，圣城的赐福就在那里。,"In Laterano, all that the people sought was right there. The Holy City's blessing was right there.","В Латерано всё, к чему стремятся люди, уже есть там, благословение Святого города повсюду."
line-13,,无处不在，无处不有。,It was everywhere.,"Оно везде, оно во всём."
line-14,,萨科塔清楚这一点。,The Sankta knew it.,Санкта прекрасно это понимают.
line-24,,“主啊，请您原谅......”,"'Lord, I seek your forgiveness...'","«Господь, прошу, прости...»"
line-25,,“我曾发过誓言，要善待所有求助者，无论是谁，需一视同仁，尽我所能地提供帮助。”,"'I swore to welcome all who asked for help, treat all of them with equal kindness, and help them to the best of my ability.'","«Я поклялся помогать всем нуждающимся, вне зависимости от того, кто они, относиться к каждому одинаково и делать всё, что в моих силах»."
line-26,,“但我食言了。”,'But I did not keep my word.',«Но я нарушил свою клятву».
line-27,,“我已无法回应渴求救助之人，我无法让他们留下，只因我们的物资不足，无法负担。”,"'I can no longer answer the calls for help. I cannot ask them to stay, for we are short on supplies and cannot afford it.'","«Я больше не могу отвечать тем, кто ищет помощи, я не могу оставить их, просто потому, что наших ресурсов недостаточно, мы не можем их содержать»."
line-28,,“在一群人与另一群人之间，我必须做出选择......”,'I must choose between one group and another.',«Между одной группой людей и другой я вынужден делать выбор...»
line-29,,“......选择。是的，我早已做过不止一次选择......”,"'Choose, yes, I have made many choices.'","«...Выбор. Да, я уже делал выбор не один раз...»"
line-30,,“可选择是错误的。而今，我已无法忍受更多错误。”,'But choosing is wrong. And I cannot bear any more wrongs.',«Но этот выбор ошибочен. И теперь я больше не могу терпеть эти ошибки».
line-31,,“我已不能再背弃我的信仰，为救人而舍弃，为多数而抛下少数！”,"'I cannot go back on my faith, abandon one to save another, save the many and condemn the few.'","«Я не могу больше предавать свою веру, отрекаться ради спасения одних и бросать других ради большинства!»"
line-32,,“拉特兰......我久未重逢的故乡......”,'Laterano... my absent home...',"«Латерано... родина моя, с которой я так давно не виделся...»"
line-33,,“为何仅有拉特兰才是乐园？”,'Why is Laterano the only home?',«Почему только Латерано — это рай?»
line-34,,“若通向我所信的前提，乃是背弃我脑中高悬的指引；若只有借助异教，才可真正消除障碍......”,'If betraying the high guidance is the path to what I believe in; if only by accepting the heathen can obstacles be truly cleared...',"«Если путь к тому, во что я верю, лежит через предательство наставлений, парящих в моём сознании; если только с помощью чуждой веры можно по-настоящему устранить препятствия...»"
line-35,,“......再过不久，一切都将得出答案。”,'...All will be revealed soon.',«...Скоро всё станет ясно».
line-36,,“倘若我们的主真的存在，就请您宽恕我的罪过......”,"'My Lord, forgive my sins... if you truly exist.'","«Если наш Господь действительно существует, прошу, прости мои грехи...»"
line-41,,“——！”,'——!',«——!»
line-54,修道院主教,什么人！,Who's there?!,Кто здесь!
line-60,修道院主教,......,......,...
line-74,？？？,哎，别动手，别动手，有话好好说。,"Come, now, there's no need for violence.","Эй, не горячитесь, не надо рук, давайте поговорим спокойно."
line-75,？？？,我找了您好一会呢，主教阁下。,"I've been looking for you, Most Reverend Abbot.","Я вас довольно долго искал, господин настоятель."
line-89,杰拉尔德,最近食物缺得厉害，只有这点东西能招待客人，你不介意吧？,Food is in short supply these days. I hope you don't mind.,"С едой сейчас туго, у нас есть только это, чтобы угостить гостя. Ты не против?"
line-90,杰拉尔德,介意也没别的了，味道可能不太好，不过只求填饱肚子的话勉强还可以。,"Not that minding would do any good. At least it fills the stomach, even if the taste is nothing to write home about.","Даже если против, ничего другого нет. Вкус, может, не очень, но чтобы просто набить желудок — сойдёт."
line-92,费德里科,暂时没有进食的必要。,I don't need to eat right now.,У меня пока нет необходимости в еде.
line-94,杰拉尔德,吃吧。都拿出来了，别浪费。,Eat. Don't let it go to waste.,"Ешь. Раз уж выложили, не выбрасывать же."
line-96,费德里科,......,......,...
line-98,费德里科,萨卡兹领袖杰拉尔德，你认识那两名黎博利孩童。,"Gerald, leader of Sarkaz. You knew the two Liberi children.","Лидер сарказов Джеральд, ты знаком с теми двумя детьми-либерями."
line-100,杰拉尔德,......你总是这么直接吗？,Are you always so direct?,...Ты всегда такой прямолинейный?
line-101,杰拉尔德,别喊我领袖，我见过真正的萨卡兹的王，我一介猎户配不上这称呼。,Don't call me a leader. I've seen the true King of Sarkaz. A humble hunter is not worthy of the title.,"Не называй меня лидером, я видел настоящих королей сарказов, я всего лишь охотник, не заслуживающий такого титула."
line-103,费德里科,为什么自称猎户？,Why do you call yourself a hunter?,Почему ты называешь себя охотником?
line-105,杰拉尔德,因为我确实是个猎户。我靠打猎养活自己和其他人。,Because that's what I am. I hunt to feed myself and others.,"Потому что я действительно охотник. Я охочусь, чтобы прокормить себя и других."
line-106,杰拉尔德,虽然是今天刚到，但我猜你应该已经了解这里的情况了吧。,"I think you have an idea of what's going on here, even though you just arrived today.","Хотя ты пришёл только сегодня, полагаю, ты уже знаешь, как здесь обстоят дела."
line-108,费德里科,不完全。,Not the full picture.,Не полностью.
line-109,费德里科,你带着萨卡兹在这里生活，你们是后来者，但曾经融入得很好。,"You lead the group of Sarkaz that lives here. You were latecomers, but at one point you got along well with each other.","Ты живёшь здесь с сарказами, вы — пришлые, но когда-то вы прекрасно влились в это общество."
line-111,杰拉尔德,是啊，曾经是不错。,Yes. At one point.,"Да, когда-то было неплохо."
line-113,费德里科,现在你们与其他人产生冲突，根据目前的局势判断，这种冲突很大可能会继续升级。,"Now, conflict has arisen, and it is likely to escalate, given the circumstances.","Теперь у вас возник конфликт с другими людьми, и, судя по текущей ситуации, этот конфликт, скорее всего, будет обостряться."
line-115,杰拉尔德,你的判断没错。所以我们就要走了。,"Yeah, which is why we're leaving.",Ты верно оцениваешь ситуацию. Поэтому мы и уходим.
line-117,费德里科,正常情况下，在与其他居民的冲突中，你们会占据上风。,"Normally, you would have the advantage in conflict with the other inhabitants.",В обычных условиях в конфликтах с местными жителями вы были бы в преимуществе.
line-118,费德里科,这里的原住民中少见擅长战斗的人员，他们缺乏战斗力也是你们被接受的原因之一。,"There are few able combatants amongst them, which is one of the reasons they took you in.","Среди коренного населения мало тех, кто умеет сражаться, и отсутствие у них боевой силы — одна из причин, почему вас приняли."
line-119,费德里科,但如今拉特兰的介入让你们失去了在武力上的优势。离开是稳妥的选择。,But Laterano's intervention has taken away your martial advantage. Leaving is the logical choice.,Но вмешательство Латерано лишило вас преимущества в силе. Уход — разумное решение.
line-121,杰拉尔德,你很擅长得出合理的解释，执行者阁下。,You're good with those logical conclusions.,"Вы мастерски находите логичные объяснения, господин исполнитель."
line-122,杰拉尔德,但从很久之前我就明白，到现在也仍在时刻被提醒——,But I learned a long time ago—,"Но я давно понял, и мне постоянно напоминают об этом —"
line-124,杰拉尔德,我们的生活从不合理。,Our lives are not logical—and I get reminders about that all the time.,Наша жизнь никогда не была логичной.
line-127,,烛光跳动。,The candlelight flickers.,Свеча дрогнула.
line-128,,年长的萨卡兹的视线落在墙壁上，那里映出模糊的虚影，一切差异在此时都不再清晰。,"The aging Sarkaz casts his gaze on the wall. The shadows reflected upon it have become blurred, one fading into another.","Взгляд пожилого сарказа упал на стену, где отражались неясные тени; в этот момент все различия стерлись."
line-131,杰拉尔德,我们不会因无法生存而选择离开。,We didn't choose to leave because we couldn't live anymore.,"Мы уходим не потому, что не можем здесь выжить."
line-132,杰拉尔德,在来到这里之前，老实说，我从未想过能够有这样的生活。,"Before I came here, I never thought we would have a life like this.","Честно говоря, до того как попасть сюда, я и представить не мог такую жизнь."
line-133,杰拉尔德,有种种风险，有许多摩擦，但我们被认可、被接纳，我们亲手搭建住所，靠劳动获得粮食......,"There were dangers, there was conflict, but we were accepted, we built our own homes, worked for our daily bread...","Были риски, были трения, но нас признали, приняли, мы сами построили жильё, трудом заработали на пропитание..."
line-134,杰拉尔德,或许这在你看来很寻常，但对我们来说，这是曾经不敢想象的日子。,"That all might seem normal to you, but it was beyond our wildest dreams.","Может, для тебя это кажется обычным, но для нас это жизнь, о которой мы и мечтать не могли."
line-136,费德里科,你们选择离开的真正理由是？,What is the true reason you chose to leave?,Какова истинная причина вашего ухода?
line-138,杰拉尔德,很简单。,It's simple.,Всё просто.
line-139,杰拉尔德,就如你所说，我们都能预见将会有的冲突，隔阂已经存在，无人能够修补，我只能眼睁睁地看着一切越来越糟......,"We see the writing on the wall, just like you do. The rift can no longer be repaired. All that's left is to watch things get worse.","Как ты и сказал, мы предвидели конфликты; раскол уже произошёл, его никто не залатает, и я мог лишь наблюдать, как всё становится хуже..."
line-140,杰拉尔德,现在还只是争吵，只是责怪。可接下来呢？,"Today it's just an argument, an accusation, but what about tomorrow?",Сейчас это только ссоры и взаимные упрёки. А что будет дальше?
line-142,费德里科,......争吵升级为暴力冲突，普通居民与萨卡兹互相怨恨的可能性很大。,Violent confrontation between the natives and the Sarkaz is likely.,"...Вероятность того, что ссоры перерастут в насилие, а обычные жители начнут ненавидеть сарказов, весьма велика."
line-144,杰拉尔德,今晚的火灾或许是一个警示。,Today's fire was a warning.,"Пожар сегодня ночью — возможно, предостережение."
line-145,杰拉尔德,现在离开，我们仍是值得怀念的伙伴，是令人惋惜的朋友。,"Leave now, and we remain friends to be missed.","Если уйдём сейчас, мы останемся партнёрами, которых вспоминают с теплотой, друзьями, которых жалко терять."
line-146,杰拉尔德,而要是放任那些不舍情绪，再不做出决定......,But if we allow ourselves to be burdened by attachment and fail to make a decision...,А если оставить всё как есть и не принимать решения...
line-148,杰拉尔德,我们将会重新成为世人眼中的萨卡兹——只会挑起争端，在哪里都不受欢迎，没有归处亦没有去处的一群流浪之人。,"We will become the Sarkaz that the rest of the world knows—a band of vagabonds who bring conflict with them wherever they go, who are not welcome anywhere, who have no place to call home, and no place to go.","Мы снова станем сарказами в глазах окружающих — теми, кто лишь разжигает конфликты, везде лишними, скитальцами без дома и пути."
line-150,费德里科,这只是偏见。,That's just prejudice.,Это лишь предрассудки.
line-152,杰拉尔德,对我们来说却是事实。,"To us, it's a fact.",Для нас это реальность.
line-153,杰拉尔德,萨科塔有你们的拉特兰城。,The Sankta have Laterano.,У санктов есть ваш город Латерано.
line-154,杰拉尔德,而萨卡兹......我们何曾真正属于过什么地方？,But where do the Sarkaz belong to?,А у сарказов... кому мы когда-либо по-настоящему принадлежали?
line-156,费德里科,......,......,...
line-158,杰拉尔德,所以我想是时候了。,It's time.,Поэтому пора.
line-159,杰拉尔德,生得晚的那些年轻人可能会不太习惯晚上没有屋檐的生活，不过他们会适应的。,"It may take a while for the little ones to get used to life without a roof over their heads, but it'll happen.","Молодым может быть нелегко привыкнуть к ночёвкам под открытым небом, но они приспособятся."
line-160,杰拉尔德,至于今天的那两个孩子......,As for those two children...,А что касается тех двух детей сегодня...
line-162,费德里科,你认识他们。,You knew them.,Ты знаешь их.
line-164,杰拉尔德,......我确实知道点他们的来历。,...I know a little about where they came from.,...Я кое-что знаю об их прошлом.
line-166,费德里科,修道院内的居民与莱蒙德并不知情。,The people at the abbey and Raimund don't.,Жители монастыря и Раймонд не в курсе.
line-168,杰拉尔德,知道他们存在的人很少。,Very few do.,Мало кто знает об их существовании.
line-169,杰拉尔德,我也只是猜测，他们应该是外来的流浪者，或许是家人遭难，或许是被抛弃，都有可能。,"I guess they're wanderers who came from the outside. Their family could be dead, or they could have abandoned their children.","Я лишь догадываюсь: скорее всего, они странники, потеряли семью или были брошены — всякое бывает."
line-170,杰拉尔德,从前斯特凡诺不是没有接纳过类似的流浪者，只是以现在的状况来看，这里很难再负担更多人。,"Stefano has taken in other wanderers before, but this place could hardly accommodate any more inhabitants these days.","Стефано и раньше принимал подобных скитальцев, но в нынешнем положении здесь просто невозможно содержать лишних людей."
line-172,杰拉尔德,但......有人偷偷收养了这两个孩子。,But someone secretly took the children in.,Но... кто-то тайно приютил этих детей.
line-174,费德里科,你知道是谁。,You know who it was.,"Ты знаешь, кто."
line-176,杰拉尔德,很少有什么事真的能一直完美地隐瞒下去，特别是在现在这种每一粒稻谷都要被计较的时候。,"Few secrets can truly be kept forever, especially now, when every single grain counts.","Мало что можно долго скрывать идеально, особенно сейчас, когда приходится считать каждое зернышко."
line-177,杰拉尔德,赫曼收养了他们。每天从自己那份口粮里省一部分，还有几回偷偷动了狩猎的猎物，我发觉之后都替她补上了。,"Hyman took them in. She set aside a part of her own rations each day, and stole from the hunted game a few times. I covered it up for her when I discovered it.","Герман приютила их. Каждый день откладывала часть своей порции, пару раз украдкой брала что-то из добычи с охоты, а когда я узнал, я стал помогать ей."
line-178,杰拉尔德,就算这样，他们的日子仍然过得比较艰难。,"Even then, life isn't easy for them.","Даже так, им жилось нелегко."
line-180,费德里科,这位赫曼女士现在在哪？,Where is she now?,Где сейчас эта госпожа Герман?
line-182,杰拉尔德,......我也正在想她去哪了。今天她本该带着狩猎的猎物回来，但到现在也没有消息。,"That's what I'm wondering. She should have come back with game today, but I haven't heard from her.","...Я как раз думаю, куда она делась. Сегодня она должна была вернуться с добычей, но до сих пор ни слуху ни духу."
line-183,杰拉尔德,我们还没找到她。她失踪了。,She's missing. We don't know where she is.,Мы её так и не нашли. Она пропала.
line-184,杰拉尔德,不论如何，我由衷地希望她不会做什么傻事。,"Whatever happened, I hope she doesn't do anything stupid.","В любом случае, я от всего сердца надеюсь, что она не натворила глупостей."
line-186,费德里科,失踪？不，不对。,"Missing? No, this isn't right.","Пропала? Нет, это не так."
line-188,杰拉尔德,你的意思是？,What do you mean?,Ты о чём?
line-190,费德里科,赫曼女士秘密收养两个孩童，平时不会允许他们独自外出，艾伦戴尔和艾丝塔拉出现在圣堂不是意外。,"Hyman would not allow the children to go out, in order to keep their existence a secret. Erendel and Estara's appearance at the sacrarium was not an accident.",Госпожа Герман тайно содержала двоих детей и не позволила бы им выйти наружу одним. Появление Эллендейл и Эстары в соборе не случайность.
line-192,杰拉尔德,......有人带着他们出门。,Someone brought them outside.,...Кто-то вывел их из дома.
line-194,费德里科,赫曼女士的家在哪？我需要亲自去查看。,Where is Hyman's home? I want to see it for myself.,Где находится дом госпожи Герман? Мне нужно осмотреть его лично.
line-205,,破旧的木屋对幼小的孩子们来说是一处港湾。,The battered wooden hut was a shelter in the storm for the young children.,Старая деревянная хижина стала гаванью для маленьких детей.
line-206,,因成年人无力养育而像是不被需要的废弃品一般遭到抛弃，又在流浪于荒野、奄奄一息时，被毫无关系的萨卡兹拾起。,"Abandoned by adults who lacked the means to raised them, they wandered the wastelands and were picked up by a Sarkaz on death's door.","Брошенные, как ненужный хлам из-за того, что взрослые не могли их прокормить, они были подобраны совершенно чужим сарказом, когда умирали, бродя по диким землям."
line-207,,被偷偷领到这间破破烂烂的小屋，这里有漏风的木板和不保暖的被褥，有破旧但整洁的衣裳，还有不美味但足以果腹的食物。,"The battered hut was leaky and cold, but there were clean clothes, even if a little tattered, and food, even if the taste was not great.","Их тайком привели в эту развалюху, где продувало стены, где были холодные одеяла, старая, но чистая одежда и скудная, но позволяющая выжить еда."
line-208,,尽管它无法完全抵御寒风，就算将家中所有能够御寒的布料堆在一起，再把冬衣紧紧裹在身上，蚀骨的寒意仍让人在睡梦中也不禁蜷缩。,"The walls did a poor job of keeping the cold out. They could gather all the fabric in the house and wear the thickest winter clothes they had, and they would still shiver at night.","Хотя она не могла полностью защитить от ветра, даже если собрать в доме всю тёплую ткань и укутаться в зимнюю одежду, леденящий холод заставлял детей ёжиться даже во сне."
line-209,,但这是“家”。家里还有妈妈。,But it was home. Mamma was there.,Но это был «дом». А в доме была мама.
line-210,,这里就是孩子们最能够安心的地方。,That was where the children felt safe.,Здесь дети чувствовали себя спокойнее всего.
line-219,,细小的呼吸声并未被不速之客惊扰。,The unexpected visitors do not disturb their soft breathing.,Тихое дыхание не было потревожено незваным гостем.
line-220,,它们依旧平稳、绵长。,They remain slow and steady.,Оно оставалось ровным и мерным.
line-221,,狰狞扭曲的阴影投洒在孩子们身上。,A twisted shadow is cast over the children.,Уродливая искажённая тень нависла над детьми.
line-222,扭曲的怪物,（古怪的轻语）,(Incomprehensible whisper)),(Странный шёпот)
line-223,扭曲的怪物,......饿、吃......,Hungry... eat...,...голод... есть...
line-224,艾伦戴尔,唔......,Mm...,М-м...
line-228,艾丝塔拉,（翻身）,(Rolls over),(Переворачивается)
line-229,扭曲的怪物,吃、吃......,"Eat, eat...","есть, есть..."
line-230,扭曲的怪物,冷......,Cold...,холодно...
line-232,,失去曾经形态的怪物发出低沉古怪的吟语。,The misshapen monster murmurs incomprehensibly.,"Монстр, утративший свой прежний облик, издал низкий странный гул."
line-233,,那片始终停留的影子终于有了动作。,The stationary shadow begins to move.,"Тень, что до этого неподвижно замерла, наконец пришла в движение."
line-234,,在月光下，怪物粗长有力的尾部探向前方，带着潮湿气息的尖端扫过孩子稚嫩的面颊，随即——,"In the moonlight, the monster's powerful tail reaches forward. It brushes the children's soft cheeks, leaving behind a wet scent, then—","В лунном свете мощный длинный хвост монстра потянулся вперёд, и кончик, от которого исходило ощущение сырости, коснулся нежных детских щёк, и тогда —"
line-244,,它落在了柔软无力的，小小的“监牢”里。,"It falls into the soft, meek little 'prison.'","Она опустилась в мягкую и слабую, маленькую «тюрьму»."
line-245,,艾丝塔拉和艾伦戴尔仍在睡梦之中。只是身体下意识地，靠向那股让人感到安心的气息。,"Still sleeping soundly, Estara and Erendel instinctively lean towards the comforting scent.","Эстара и Эллендейл всё ещё спали. Лишь их тела подсознательно прижались к источнику тепла, дарящему спокойствие."
line-246,扭曲的怪物,......冷......,Cold...,...холодно...
line-247,艾伦戴尔,呼......呼......,Zzz... zzz...,Ху... ху...
line-248,艾丝塔拉,妈妈......,Mamma...,Мама...
line-249,“扭曲的怪物”,啊......饿......吃、吃......冷......,"Oh... hungry... eat, eat... cold...",А... голод... есть... есть... холодно...
line-250,“扭曲的怪物”,......,......,...
line-251,“扭曲的怪物”,盖上......盖上......,Cover... cover...,Укрой... укрой...
line-252,“扭曲的怪物”,冷......盖上......,Cold... cover...,Холодно... укрой...
line-255,“扭曲的怪物”,艾......伦......萨拉......,Eren... Sara...,Эл... лен... Сара...
line-270,里凯莱,主教阁下做了什么？,"What have you done, Your Excellency?",Что сделал господин настоятель?
line-272,修道院主教,我只不过是在此告解，来自拉特兰的执行者，你应该知道此时不能偷听。,"It is improper to eavesdrop on a confession, Reverend Executor.","Я лишь приношу здесь покаяние, исполнитель из Латерано, ты должен знать, что подслушивать сейчас нельзя."
line-274,里凯莱,哎，别误会，我当然没有听到阁下告解的内容。,"Oh, don't get me wrong, I wasn't listening to your confession.","Эй, не пойми неправильно, конечно, я не слышал, о чём вы каялись."
line-275,里凯莱,当然啦，阁下应该也知道，我问的不是这个，也不是想知道阁下之前派了什么人去敲钟，怎么安排修道院众人的饮食......,"Of course, you also know that's not what I'm talking about. Nor am I asking who you sent to ring the bell, how you plan meals for the monastery...","Разумеется, вы понимаете, что я спрашиваю не об этом, и не хочу знать, кого вы посылали звонить в колокола или как распределяли еду..."
line-276,里凯莱,我问的是从顶层圣堂传来的气味。,I'm asking about the smell coming from the sacrarium up there.,"Я спрашиваю о запахе, доносящемся из верхнего собора."
line-278,修道院主教,你分辨得出那种助燃物的味道？......格芬区的铳械工厂，如今还在吗？,You can tell by the smell...? Is the Griffin Arsenal still in business?,Ты отличаешь запах этого горючего? ...Оружейный завод в районе Гёффен всё ещё работает?
line-280,里凯莱,哈哈，据我所知，它们依然为各大学院供给练习用的铳械。,"As far as I know, it still supplies practice equipment for various educational institutions.","Ха-ха, насколько мне известно, они до сих пор поставляют тренировочное оружие для академий."
line-281,里凯莱,当然，燃烧弹也不例外。,Including firebombs.,"Конечно, зажигательные снаряды — не исключение."
line-283,修道院主教,......唯有圣城存续千年。,...Only the Holy City endures.,...Только Святой город существует тысячелетиями.
line-285,里凯莱,我能感觉到阁下很难过。唉，应该得怪费德里科那小子，办事总是这么直接。,"I feel your pain. If only Federico learned subtlety and discretion, right?","Я чувствую, что вам очень тяжело. Увы, тут стоит винить того юнца Федерико, он всё делает слишком прямолинейно."
line-286,里凯莱,不过目前只是建筑的一角烧毁了而已，一切都还留有余地，大家还是可以安稳地回到拉特兰，阁下觉得呢？,"Still, it's just a corner of a building. It's far from over. Everyone can return to Laterano safely. What do you think?","Но пока сгорел лишь угол здания, всё поправимо, все всё ещё могут спокойно вернуться в Латерано, не находите?"
line-288,修道院主教,你恐怕找错人了。,You're talking to the wrong man.,"Кажется, ты обратился не по адресу."
line-289,修道院主教,拆用修道院内旧军火的方法，我早就教给了所有人。燃料有限，冬天很长。,"I taught everyone how to dismantle the abbey's old weapons and make use of them. Fuel is short, while the winter is long.","Способ разборки старых боеприпасов в монастыре я преподал всем. Топлива мало, зима долгая."
line-290,修道院主教,但你若是认为，我是那场火灾的教唆者......我无意反驳。,But if you think I instigated the fire... I won't argue.,"Но если ты считаешь, что это я подстрекатель пожара... у меня нет желания спорить."
line-292,里凯莱,别这么说嘛，我们还是找个地方坐下来，再好好聊一聊，怎么样？谈出一个双方都能接受的方案。,"Come now, don't talk like that. Why don't we sit down and have a chat? Find a solution that we can all accept?","Да бросьте, давайте сядем где-нибудь и поговорим по-хорошему, а? Обсудим решение, приемлемое для обеих сторон."
line-294,修道院主教,——聊一聊？方案？呵。,Chat? Solution? Ha.,— Поговорим? Решение? Хм.
line-295,修道院主教,有哪一种方案不用在人与人之间做选择？我已经陈述过我的信念，你们难道当真能让步？,Is there a solution that doesn't involve turning my back on a human being? I already explained my convictions. Would you truly accept a compromise?,"Разве существует решение, где не нужно выбирать между людьми? Я уже изложил свою веру, вы правда думаете, что я отступлю?"
line-296,修道院主教,七年前，这一地区遭遇大旱，一队难民流浪到停泊在荒野中的修道院，请求我们收留，但我对他们关上了大门。,A group of refugees sought sanctuary at the monastery seven years ago during a great drought. I closed the doors to them.,"Семь лет назад в этом районе была страшная засуха, к нашему монастырю, что стоял в пустоши, пришёл отряд беженцев, прося приюта, но я закрыл перед ними двери."
line-297,修道院主教,他们跌跌撞撞，几乎是爬进荒野深处。那不是我第一次注视那样的场景。,"They stumbled, almost crawling, back to the wastes. It wasn't the first time I saw a sight like that.","Они, спотыкаясь, едва ли не ползли вглубь пустоши. Это был не первый раз, когда я видел такое."
line-298,修道院主教,但我向主起誓，那会是最后一次。,But I swore before the Lord that it would be the last.,"Но я поклялся перед Господом, что это был последний раз."
line-299,修道院主教,执行者，我的信念难道有错？,"Am I wrong in my convictions, Executor?","Исполнитель, разве моя вера ошибочна?"
line-301,里凯莱,不不，您当然是正确的，我理解您的悲痛。,"No, of course you're right. I understand your pain.","Нет-нет, вы, конечно, правы, я понимаю вашу скорбь."
line-302,里凯莱,我也不得不承认，拉特兰有它力不能及的地方。,There are limits to Laterano's power.,"Но я не могу не признать, что у Латерано есть свои пределы."
line-303,里凯莱,或者说，律法有它不完善的地方。,The laws are imperfect.,"Точнее, у закона есть свои несовершенства."
line-305,修道院主教,你......,You...,Ты...
line-307,里凯莱,我会思考，自然就会质疑。,"I think, and therefore, I doubt.","Я умею думать, а значит, склонен задавать вопросы."
line-308,里凯莱,只不过......就算有不完美的地方，现在的拉特兰对我来说却也已经足够好了，我不希望有任何人或事，威胁到这种平静与和谐。,"For all its imperfections, though, Laterano is good enough for me. I don't want to see her peace and harmony to be threatened by anyone or anything.","Однако... даже несмотря на недостатки, нынешний Латерано для меня достаточно хорош, и я не хочу, чтобы кто-то или что-то угрожало этому миру и гармонии."
line-309,里凯莱,主教阁下，我想您应该能够理解这种感觉吧？,I'm sure you can understand that.,"Господин настоятель, думаю, вы должны понимать это чувство, не так ли?"
line-311,修道院主教,......,......,...
line-313,里凯莱,要是我们现在达成协议，阁下不做节外生枝的事情，那我说服某些同事也会比较容易。,"It would be easier for me to persuade my colleagues if we reach an agreement here, and if you refrain from causing any complications.","Если мы сейчас договоримся, и вы не будете устраивать сюрпризов, мне будет легче убедить коллег."
line-314,里凯莱,你们谁都不动手，这趟外勤任务就可以完成得轻松一点。,My mission would be easier if none of you lifted a finger.,"Если никто из вас не пойдёт на открытый конфликт, это выездное задание пройдёт куда спокойнее."
line-315,里凯莱,即使不能保证所有人都回到拉特兰，我觉得，也没必要搞得所有人都回不去拉特兰嘛。,"Just because not everyone can go back to Laterano, doesn't mean that no one should.","Даже если нельзя гарантировать, что все вернутся в Латерано, я считаю, что нет нужды доводить дело до того, чтобы вообще никто не смог вернуться."
line-317,修道院主教,拉特兰的使者，拉特兰之于你，正如此处之于我。,Laterano is to you as this place is to me.,"Посланник Латерано, Латерано для тебя — то же, что это место для меня."
line-318,修道院主教,我想你我之间已无再谈下去的必要。,There is no need for any further talk between us.,"Думаю, нам больше не о чем говорить."
line-320,修道院主教,——请回吧，不要再打扰我告解了。,I ask you to leave me to my confession.,"— Возвращайся, не мешай мне больше каяться."
line-333,克莱芒,莱蒙德？这么晚了，怎么还不回去休息？,Raimund? It's getting late. You should get some rest.,"Раймонд? Так поздно, почему ты ещё не отдыхаешь?"
line-335,莱蒙德,......是你啊，克莱芒。,...Clément.,"...Это ты, Клеман."
line-336,莱蒙德,没什么，我还有点事。,I just had something to do.,"Ничего, у меня есть ещё кое-какие дела."
line-338,克莱芒,今天的事，实在很对不起......,I'm really sorry about today...,"За сегодняшнее, правда, прости..."
line-340,莱蒙德,别在意了，反正我们也要走了。,Don't think too much about it. We're leaving anyway.,"Не бери в голову, мы всё равно уходим."
line-342,克莱芒,......嗯。,...Right.,...Угу.
line-343,克莱芒,你们打算什么时候出发......？,When is that...?,Когда вы собираетесь в путь...?
line-345,莱蒙德,看杰拉尔德老大的意思，明早不论如何都会动身。,"Depends on Gerald. We'll be leaving tomorrow morning, no matter what.","Как решил Джеральд, завтра утром, в любом случае выступаем."
line-346,莱蒙德,应该是在明早参加完晨会之后吧。,Probably after Matins.,"Должно быть, после утреннего собрания."
line-348,克莱芒,晨会......,Matins...,Утреннего собрания...
line-350,莱蒙德,对了，克莱芒！你......知不知道福尔图娜和德尔菲娜在哪？,Oh! Do you know where Fortuna and Delfina are?,"Кстати, Клеман! Ты... не знаешь, где Фортуна и Дельфина?"
line-351,莱蒙德,我本来打算喊她们，呃，没什么，总之我找她们有点事。,"I was going to... well, I was looking for them.","Я хотел их позвать, э-э, в общем, есть дело."
line-353,克莱芒,......等等，莱蒙德，杰拉尔德难道没有把那件事告诉你吗？,Did... Gerald not tell you?,"...Подожди, Раймонд, разве Джеральд не рассказал тебе о том, что случилось?"
line-355,莱蒙德,什么......？你说什么事？,What? What are you talking about?,Что...? О чём ты?
line-357,克莱芒,......,......,...
line-358,克莱芒,德尔菲娜已经......她已经不在了。,Delfina... she's gone.,Дельфины больше нет... она ушла.
line-372,“扭曲的怪物”,......,......,...
line-373,“扭曲的怪物”,再......见......,Good... bye...,Про... щай...
line-375,？？？,假设我的听觉没有出问题——这是否是一句告别？,Was that a word of farewell? Or am I mistaken?,"Допустим, мой слух меня не подвёл — было ли это прощанием?"
line-378,“扭曲的怪物”,——！,—!,——!
line-385,费德里科,拥有一定程度的语言能力，看来之前的判断有误。,You possess basic language skills. It seems my previous assessment was incorrect.,"Обладает определённым уровнем языковых навыков, похоже, предыдущая оценка была ошибочной."
line-387,“扭曲的怪物”,你......是......,You... are...,Ты... Санк... та.
line-388,“扭曲的怪物”,萨科、塔。,Sank... ta.,Ты...
line-390,费德里科,保有思考能力，或者说，初步可判断为现阶段残留一定的逻辑思考与自主决断能力。,Indicating a certain level of sapience and cognitive thinking.,"Сохраняет способность мыслить, или, по крайней мере, на данном этапе можно судить о наличии логического мышления и способности принимать автономные решения."
line-391,费德里科,躯体异化，但可以交流。,"Communication appears possible, despite deviation of physical form.","Тело претерпело мутацию, но контакт возможен."
line-393,“扭曲的怪物”,......,......,...
line-399,费德里科,不确定是否具有感染性，无法确定行为模式是否会随时间变化，危险程度未知。,Unknown level of contagion. Unclear if movement patterns change over time. Unknown level of danger.,"Неясно, является ли инфекционным, нельзя определить, изменится ли паттерн поведения со временем, уровень опасности неизвестен."
line-400,费德里科,根据公证所相关条例，为保障公民权益，准许现场击杀难以判定级别的威胁。,Notarial Hall regulations permit elimination of potential threats of unknown danger level in order to safeguard the rights of the citizenry.,"Согласно регламенту Нотариата, для обеспечения безопасности граждан, разрешено устранение угроз, уровень которых невозможно классифицировать."
line-402,“扭曲的怪物”,......,......,...
line-404,费德里科,没有反抗表现，疑似没有求生欲望。,No sign of resistance. No apparent will to survive.,"Нет признаков сопротивления, судя по всему, нет стремления к выживанию."
line-405,费德里科,失礼了，我会尽可能减轻痛感。,I'll try to make this quick and painless.,"Прошу прощения, я постараюсь максимально облегчить боль."
line-408,,怪物伫立在原地。,The monster stands in place.,Монстр замер на месте.
line-409,,眼前是被阻塞的前路，身后是无法回头的曾经。,The path before it is blocked. It cannot go back to the past behind.,"Перед ним перекрытый путь, позади — прошлое, к которому нет возврата."
line-410,,一切辩白与嘶吼、苦痛与不甘都在穿透坚硬表皮展露在外之前，被消化在这具已脱离人类范畴的躯体之内。,"Justification, anger, pain, all consumed within the no-longer-human body, before it can manifest itself on the hardened hide.","Всякий лепет, рёв, боль и досада были переварены внутри этого тела, вышедшего за рамки человеческого существа, прежде чем могли бы прорваться наружу."
line-411,,异化的怪物在无法逾越的阻力面前，失去所有力气，却又坚持不肯放下最后一点尊严。,"Before an obstacle it cannot surmount, the monster loses the strength to fight, but cannot let go of its last bit of pride.","Искажённый монстр перед лицом непреодолимой силы потерял все силы, но упрямо не хотел расставаться с последними крупицами достоинства."
line-412,,它只是沉默着，静立着。,"It stands, silent.","Он просто молчал, стоя неподвижно."
line-413,,宛如一尊雕像。,Like a statue.,Словно изваяние.
line-414,杰拉尔德,等等！,Wait!,Погоди!
line-422,杰拉尔德,别动手！执行者阁下！,"Executor, no!",Не стреляй! Господин исполнитель!
line-426,“扭曲的怪物”,......,......,...
line-427,“扭曲的怪物”,......杰拉......尔德......,Ge..rald...,...Джера... льд...
line-432,杰拉尔德,......赫曼。你知道吗，我差点都想学着斯特凡诺他们祈祷了——祈祷执行者阁下说的“怪物”不会是你。,"Hyman... I had half a mind to start praying like Stefano, praying that the monster the Executor was talking about wasn't you.","...Герман. Ты знаешь, я чуть было не начал молиться, как Стефано — молиться о том, чтобы «монстр», о котором говорил исполнитель, не оказался тобой."
line-436,赫曼,......,......,...
line-441,费德里科,这是最合乎逻辑的推论。现在也已经得到证实。,It was the logical hypothesis. It has now been confirmed.,Это наиболее логичный вывод. Теперь он подтверждён.
line-442,费德里科,让开，杰拉尔德。,"Move aside, Gerald.","Отойди, Джеральд."
line-444,杰拉尔德,我不能让。,No.,Я не могу отойти.
line-446,费德里科,......恕我直言，这是妨碍公务。,You're interfering with official business.,"...Смею заметить, это препятствование исполнению служебных обязанностей."
line-448,杰拉尔德,我很清楚。你随时可以朝我扣下扳机，除掉我这个有罪的萨卡兹，我绝不会有怨言。,"I know. You can point your gun at me, pull the trigger, bump off a Sarkaz criminal. You won't get any complaints from me.","Я прекрасно понимаю. Ты можешь спустить курок в любой момент, убрать меня — этого грешного сарказа, я и слова не скажу."
line-449,杰拉尔德,但我不能让你对赫曼动手。,But I can't let you kill Hyman.,Но я не позволю тебе причинить вред Герман.
line-451,费德里科,......理由。,...Explain.,...Причина.
line-453,杰拉尔德,我给不了你一个“正当”或是“合理”的理由。,I can't give you a 'correct' or 'proper' explanation.,Я не дам тебе «законной» или «разумной» причины.
line-454,杰拉尔德,我能说的只有——,All I can say is—,Могу лишь сказать —
line-455,杰拉尔德,看看赫曼身后。在那层门板后面，现在正睡着两个孩子。,Look behind Hyman. There are two children sleeping beyond that door.,"Посмотри за спину Герман. Там, за дверью, сейчас спят двое детей."
line-459,赫曼,啊......孩子......,Children...,А... дети...
line-460,赫曼,我的、孩子......,"My, children...",Мои... дети...
line-465,费德里科,......,......,...
line-467,杰拉尔德,他们对发生了什么一无所知，期待你能够找到他们的母亲。,They have no idea what happened. They're full of hope that you will find their mother.,"Они ни о чём не знают, они ждут, что ты найдёшь их маму."
line-468,杰拉尔德,他们信任你。,They trust you.,Они верят тебе.
line-471,,一个萨卡兹，用他饱经风霜的、粗糙的手，按住了一个萨科塔握着铳的手。,"The Sarkaz's rough, weathered hand presses against that of a Sankta.","Сарказ своей грубой, изборождённой временем ладонью накрыл руку санкты, державшую оружие."
line-472,,不带兄弟间的亲近与依赖，没有伙伴间的信任与理解。,"There is no brotherly intimacy, no trust or understanding between friends.","Без братской близости, без доверия и взаимопонимания между партнёрами."
line-473,,但萨卡兹确实按住了萨科塔的手。,But the Sarkaz's hand presses the Sankta's.,Но сарказу действительно удалось накрыть руку санкты.
line-474,,铳口一寸寸垂下。,"The muzzle of the gun drops, inch by inch.",Дуло опустилось на несколько дюймов.
line-478,杰拉尔德,别动手。执行者阁下。,"Don't do it, Executor.","Не стреляй, господин исполнитель."
line-479,杰拉尔德,在你能得出结论，说服你自己之前，别动手。,"Don't do it, unless you've reached a conclusion that you're satisfied with.","Пока ты не сделаешь выводы и не убедишь себя сам, не стреляй."